波长nm,计数count
459.5227074,-15.7574538
459.5246803,-34.74589322
459.526653,-10.73433265
459.5286254,-10.72277207
459.5305976,-18.7112115
459.5325696,-8.699650924
459.5345413,18.31190965
459.5365127,33.32347023
459.538484,50.3350308
459.5404549,82.34659138
459.5424257,82.35815195
459.5443962,50.36971253
459.5463664,44.3812731
459.5483364,57.39283368
459.5503062,67.40439425
459.5522757,75.41595483
459.5542449,72.4275154
459.556214,56.43907598
459.5581827,27.45063655
459.5601513,7.462197125
459.5621196,16.4737577
459.5640876,15.48531828
459.5660554,15.49687885
459.568023,8.508439425
459.5699903,-4.48
459.5719574,-16.46843943
459.5739242,-29.45687885
459.5758908,-33.44531828
459.5778572,-34.4337577
459.5798233,-35.42219713
459.5817891,-45.41063655
459.5837547,-48.39907598
459.5857201,-31.3875154
459.5876852,-33.37595483
459.5896501,-35.36439425
459.5916147,-24.35283368
459.5935791,-16.3412731
459.5955433,0.670287474
459.5975072,-3.318151951
459.5994709,-5.306591376
459.6014343,-5.295030801
459.6033975,-22.28347023
459.6053604,-21.27190965
459.6073231,-32.26034908
459.6092855,-43.2487885
459.6112477,-43.23722793
459.6132097,-18.22566735
459.6151714,-21.21410678
459.6171329,-38.2025462
459.6190941,-40.19098563
459.6210551,-36.17942505
459.6230158,-44.16786448
459.6249763,-31.1563039
459.6269366,-14.14474333
459.6288966,-12.13318275
459.6308563,-10.12162218
459.6328159,-29.1100616
459.6347751,-19.09850103
459.6367342,-0.086940452
459.638693,10.92462012
459.6406515,-1.063819302
459.6426098,-0.052258727
459.6445679,-15.04069815
459.6465257,-4.029137577
459.6485022,0.982422998
459.6504594,-26.00601643
459.6524163,-37.99445585
459.654373,-26.98289528
459.6563294,-13.9713347
459.6582856,-15.95977413
459.6602416,-1.948213552
459.6621973,15.06334702
459.6641527,20.0749076
459.666108,11.08646817
459.6680629,1.098028747
459.6700177,-6.890410678
459.6719722,5.121149897
459.6739264,-10.86728953
459.6758804,-13.85572895
459.6778342,-29.84416838
459.6797877,-40.8326078
459.681741,-27.82104723
459.683694,-33.80948665
459.6856468,-22.79792608
459.6875994,-23.7863655
459.6895517,-11.77480493
459.6915037,-9.763244353
459.6934556,-26.75168378
459.6954071,-32.7401232
459.6973585,-36.72856263
459.6993096,-17.71700205
459.7012604,-12.70544148
459.703211,-13.6938809
459.7051614,0.317679671
459.7071115,-3.670759754
459.7090614,10.34080082
459.711011,4.352361396
459.7129604,12.36392197
459.7149096,-4.624517454
459.7168585,-12.61295688
459.7188071,-20.6013963
459.7207556,-29.58983573
459.7227037,-8.578275154
459.7246517,-22.56671458
459.7265994,-19.555154
459.7285468,-12.54359343
459.730494,-26.53203285
459.732441,-27.52047228
459.7343877,-29.5089117
459.7363342,-39.49735113
459.7382804,-42.48579055
459.7402264,-9.474229979
459.7421722,-2.462669405
459.7441177,-10.45110883
459.7460629,3.560451745
459.7480079,8.57201232
459.7499527,12.5835729
459.7518973,19.59513347
459.7538415,20.60669405
459.7557856,13.61825462
459.7577294,11.6298152
459.759673,14.64137577
459.7616163,-3.347063655
459.7635593,-28.33550308
459.7655022,-38.32394251
459.7674448,-18.31238193
459.7693871,-9.300821355
459.7713292,6.71073922
459.7732711,-17.27770021
459.7752127,-3.26613963
459.777154,2.745420945
459.7790952,-26.24301848
459.7810361,-20.23145791
459.7829767,-11.21989733
459.7849171,5.791663244
459.7868573,24.80322382
459.7887972,48.81478439
459.7907368,19.82634497
459.7926763,-0.162094456
459.7946155,-12.15053388
459.7965544,-18.13897331
459.7984931,-2.127412731
459.8004315,-21.11585216
459.8023698,-15.10429158
459.8043077,-30.09273101
459.8062454,-34.08117043
459.8081829,-33.06960986
459.8101202,-15.05804928
459.8120572,-3.046488706
459.8139939,-7.034928131
459.8159304,-8.023367556
459.8178667,12.98819302
459.8198027,6.999753593
459.8217385,5.011314168
459.823674,13.02287474
459.8256093,24.03443532
459.8275443,33.04599589
459.8294792,35.05755647
459.8314137,18.06911704
459.833348,11.08067762
459.8352821,-12.90776181
459.8372159,-8.896201232
459.8391495,-17.88464066
459.8410829,-10.87308008
459.843016,-44.86151951
459.8449488,-22.84995893
459.8468814,-21.83839836
459.8488138,-13.82683778
459.8507459,-31.81527721
459.8526778,-27.80371663
459.8546095,-38.79215606
459.8565409,-34.78059548
459.858472,-22.76903491
459.8604029,-28.75747433
459.8623336,-36.74591376
459.864264,-25.73435318
459.8661942,-21.72279261
459.8681241,-24.71123203
459.8700538,-32.69967146
459.8719833,-21.68811088
459.8739125,-17.67655031
459.8758414,-10.66498973
459.8777702,-23.65342916
459.8796986,-29.64186858
459.8816269,-24.63030801
459.8835549,-34.61874743
459.8854826,-23.60718686
459.8874101,-16.59562628
459.8893374,-16.58406571
459.8912644,-20.57250513
459.8931912,-24.56094456
459.8951177,-26.54938398
459.897044,-29.53782341
459.89897,-26.52626283
459.9008958,-28.51470226
459.9028214,-0.503141684
459.9047467,-11.49158111
459.9066717,-17.48002053
459.9085966,-20.46845996
459.9105211,-10.45689938
459.9124455,-18.44533881
459.9143696,-0.433778234
459.9162934,-9.422217659
459.918217,-8.410657084
459.9201404,2.600903491
459.9220635,7.612464066
459.9239864,-2.375975359
459.925909,4.635585216
459.9278314,13.64714579
459.9297535,-5.341293634
459.9316754,-7.32973306
459.9335971,-15.31817248
459.9355185,-16.30661191
459.9374397,-10.29505133
459.9393606,-8.28349076
459.9412813,4.728069815
459.9432017,17.73963039
459.9451219,29.75119097
459.9470419,4.76275154
459.9489616,-13.22568789
459.9508811,-24.21412731
459.9528003,-5.202566735
459.9547193,-21.19100616
459.956638,-10.17944559
459.9585565,-5.16788501
459.9604747,-10.15632444
459.9623927,-23.14476386
459.9643105,-20.13320329
459.966228,-12.12164271
459.9681453,-6.110082136
459.9700623,-1.098521561
459.9719791,-30.08696099
459.9738956,-19.07540041
459.9758119,-10.06383984
459.977728,-26.05227926
459.9796438,-12.04071869
459.9815593,5.970841889
459.9834747,5.982402464
459.9853897,12.99396304
459.9873046,2.005523614
459.9892192,-16.98291581
459.9911335,-14.97135524
459.9930476,-13.95979466
459.9949615,-25.94823409
459.9968751,-33.93667351
459.9987885,-23.92511294
460.0007016,-26.91355236
460.0026145,-27.90199179
460.0045271,-23.89043121
460.0064395,-22.87887064
460.0083517,-19.86731006
460.0102636,-32.85574949
460.0121752,-30.84418891
460.0140867,-20.83262834
460.0159978,-16.82106776
460.0179088,0.190492813
460.0198195,0.202053388
460.0217299,-20.78638604
460.0236401,-25.77482546
460.0255501,-30.76326489
460.0274598,-13.75170431
460.0293692,-19.74014374
460.0312785,-17.72858316
460.0331874,-22.71702259
460.0350962,-14.70546201
460.0370047,-12.69390144
460.0389129,-13.68234086
460.0408209,-5.670780287
460.0427287,-22.65921971
460.0446362,-18.64765914
460.0465435,-17.63609856
460.0484505,-11.62453799
460.0503573,-7.612977413
460.0522639,-17.60141684
460.0541702,-7.589856263
460.0560762,-2.578295688
460.057982,9.433264887
460.0598876,-4.555174538
460.0617929,18.45638604
460.063698,42.46794661
460.0656028,58.47950719
460.0675074,81.49106776
460.0694118,65.50262834
460.0713159,72.51418891
460.0732197,63.52574949
460.0751234,76.53731006
460.0770267,47.54887064
460.0789299,13.56043121
460.0808327,13.57199179
460.0827354,4.583552361
460.0846378,0.595112936
460.0865399,2.606673511
460.0884418,7.618234086
460.0903435,-10.37020534
460.0922449,5.641355236
460.0941461,9.652915811
460.096047,24.66447639
460.0979477,41.67603696
460.0998482,47.68759754
460.1017484,90.69915811
460.1036483,133.7107187
460.105548,224.7222793
460.1074475,307.7338398
460.1093467,335.7454004
460.1112457,356.756961
460.1131444,310.7685216
460.1150429,227.7800821
460.1169412,171.7916427
460.1188392,133.8032033
460.1207369,97.81476386
460.1226344,62.82632444
460.1245317,65.83788501
460.1264287,39.84944559
460.1283255,8.86100616
460.1302221,6.872566735
460.1321184,5.88412731
460.1340144,-2.104312115
460.1359102,-7.09275154
460.1378058,-13.08119097
460.1397011,-12.06963039
460.1415962,-19.05806982
460.143491,-1.04650924
460.1453856,2.965051335
460.1472799,9.97661191
460.149174,-7.011827515
460.1510679,-10.00026694
460.1529615,-0.988706366
460.1548549,-5.977145791
460.156748,-3.965585216
460.1586409,-14.95402464
460.1605335,-14.94246407
460.1624259,-29.93090349
460.164318,-10.91934292
460.1662099,4.092217659
460.1681016,11.10377823
460.169993,8.115338809
460.1718842,23.12689938
460.1737751,45.13845996
460.1756658,70.15002053
460.1775562,63.16158111
460.1794464,75.17314168
460.1813363,75.18470226
460.183226,39.19626283
460.1851155,23.20782341
460.1870047,17.21938398
460.1888937,5.230944559
460.1907824,-10.75749487
460.1926709,-7.745934292
460.1945591,14.26562628
460.1964471,5.277186858
460.1983349,-5.711252567
460.2002224,-6.699691992
460.2021096,-2.688131417
460.2039966,-2.676570842
460.2058834,1.334989733
460.2077699,7.346550308
460.2096562,5.358110883
460.2115423,-6.630328542
460.2134281,-0.618767967
460.2153136,5.392792608
460.2171989,-4.595646817
460.219084,-12.58408624
460.2209688,15.42747433
460.2228534,-1.560965092
460.2247377,-19.54940452
460.2266218,-41.53784394
460.2285056,-36.52628337
460.2303892,-20.51472279
460.2322726,8.496837782
460.2341557,16.50839836
460.2360385,8.519958932
460.2379212,-4.468480493
460.2398035,-13.45691992
460.2416857,-17.44535934
460.2435675,-8.433798768
460.2454492,-18.42223819
460.2473306,-26.41067762
460.2492117,-17.39911704
460.2510926,-27.38755647
460.2529733,-23.37599589
460.2548537,-25.36443532
460.2567339,-19.35287474
460.2586323,-19.34131417
460.2605116,-3.329753593
460.2623906,1.681806982
460.2642694,-6.306632444
460.266148,-17.29507187
460.2680263,-8.283511294
460.2699044,-9.271950719
460.2717822,8.739609856
460.2736598,2.751170431
460.2755372,-8.237268994
460.2774143,-22.22570842
460.2792912,-18.21414784
460.2811679,-1.202587269
460.2830443,12.80897331
460.2849205,-4.179466119
460.2867964,10.83209446
460.2886721,2.843655031
460.2905476,14.85521561
460.2924228,2.866776181
460.2942977,11.87833676
460.2961725,4.889897331
460.298047,-2.098542094
460.2999213,9.91301848
460.3017953,39.92457906
460.3036691,14.93613963
460.3055426,17.94770021
460.3074159,23.95926078
460.309289,30.97082136
460.3111618,19.98238193
460.3130344,-3.006057495
460.3149067,-4.99449692
460.3167788,7.017063655
460.3186507,14.02862423
460.3205223,6.040184805
460.3223937,3.05174538
460.3242649,7.063305955
460.3261358,23.07486653
460.3280064,33.0864271
460.3298769,35.09798768
460.331747,27.10954825
460.333617,28.12110883
460.3354867,26.1326694
460.3373562,46.14422998
460.3392254,63.15579055
460.3410944,71.16735113
460.3429631,58.1789117
460.3448316,42.19047228
460.3466999,37.20203285
460.3485679,35.21359343
460.3504357,50.225154
460.3523032,69.23671458
460.3541705,100.2482752
460.3560376,145.2598357
460.3579044,201.2713963
460.359771,300.2829569
460.3616374,427.2945175
460.3635034,578.306078
460.3653693,662.3176386
460.3672349,630.3291992
460.3691003,501.3407598
460.3709654,333.3523203
460.3728303,199.3638809
460.374695,111.3754415
460.3765594,89.38700205
460.3784236,90.39856263
460.3802875,99.4101232
460.3821512,101.4216838
460.3840146,92.43324435
460.3858778,76.44480493
460.3877408,48.4563655
460.3896035,42.46792608
460.391466,30.47948665
460.3933282,51.49104723
460.3951902,70.5026078
460.397052,66.51416838
460.3989135,54.52572895
460.4007748,46.53728953
460.4026358,36.5488501
460.4044966,36.56041068
460.4063571,10.57197125
460.4082174,1.583531828
460.4100775,-9.404907598
460.4119373,-5.393347023
460.4137969,-7.381786448
460.4156562,-7.370225873
460.4175153,2.641334702
460.4193742,4.652895277
460.4212328,-0.335544148
460.4230911,10.67601643
460.4249493,12.687577
460.4268071,23.69913758
460.4286648,20.71069815
460.4305222,-5.277741273
460.4323793,17.7338193
460.4342362,20.74537988
460.4360929,5.756940452
460.4379493,-4.231498973
460.4398055,-5.219938398
460.4416614,-8.208377823
460.4435171,-11.19681725
460.4453726,-11.18525667
460.4472278,-8.173696099
460.4490828,6.837864476
460.4509375,-3.150574949
460.452792,2.860985626
460.4546462,-20.1274538
460.4565002,0.884106776
460.4583539,3.895667351
460.4602074,2.907227926
460.4620607,-4.081211499
460.4639137,-0.069650924
460.4657665,-5.058090349
460.467619,-1.046529774
460.4694713,-13.0349692
460.4713234,-7.023408624
460.4731752,-8.011848049
460.4750267,6.999712526
460.476878,22.0112731
460.4787291,33.02283368
460.4805799,14.03439425
460.4824305,2.045954825
460.4842808,5.0575154
460.4861309,28.06907598
460.4879808,21.08063655
460.4898304,3.092197125
460.4916797,-2.8962423
460.4935289,6.115318275
460.4953777,28.12687885
460.4972264,53.13843943
460.4990747,62.15
460.5009229,78.16156057
460.5027708,109.1731211
460.5046184,140.1846817
460.5064658,162.1962423
460.508313,187.2078029
460.5101599,188.2193634
460.5120066,250.230924
460.513853,338.2424846
460.5156992,359.2540452
460.5175451,305.2656057
460.5193908,247.2771663
460.5212362,164.2887269
460.5230814,111.3002875
460.5249264,93.31184805
460.5267711,58.32340862
460.5286156,37.3349692
460.5304598,25.34652977
460.5323037,0.358090349
460.5341475,2.369650924
460.535991,22.3812115
460.5378342,22.39277207
460.5396772,21.40433265
460.5415199,3.415893224
460.5433624,26.4274538
460.5452047,7.439014374
460.5470467,23.45057495
460.5488884,24.46213552
460.55073,26.4736961
460.5525712,42.48525667
460.5544123,53.49681725
460.556253,54.50837782
460.5580936,40.5199384
460.5599338,33.53149897
460.5617739,17.54305955
460.5636137,2.554620123
460.5654532,19.5661807
460.5672925,17.57774127
460.5691316,14.58930185
460.5709704,43.60086242
460.5728089,34.612423
460.5746473,17.62398357
460.5764853,28.63554415
460.5783231,1.647104723
460.5801607,-3.341334702
460.581998,-2.329774127
460.5838351,-22.31821355
460.585672,-8.306652977
460.5875086,-5.295092402
460.5893449,0.716468172
460.591181,5.728028747
460.5930168,-14.26041068
460.5948524,-9.248850103
460.5966878,-25.23728953
460.5985229,-7.225728953
460.6003577,-2.214168378
460.6021923,-14.2026078
460.6040267,-18.19104723
460.6058608,-9.179486653
460.6076947,-7.167926078
460.6095283,8.843634497
460.6113617,1.855195072
460.6131948,0.866755647
460.6150277,-9.121683778
460.6168603,1.889876797
460.6186927,1.901437372
460.6205248,8.912997947
460.6223567,-8.075441478
460.6241883,-8.063880903
460.6260197,-3.052320329
460.6278509,-6.040759754
460.6296818,-15.02919918
460.6315124,-25.0176386
460.6333428,-20.00607803
460.635173,-23.99451745
460.6370029,-15.98295688
460.6388325,-9.971396304
460.6406619,-12.95983573
460.6424911,-20.94827515
460.64432,-22.93671458
460.6461486,-18.925154
460.647977,-24.91359343
460.6498052,-34.90203285
460.6516331,-29.89047228
460.6534608,-12.8789117
460.6552882,-13.86735113
460.6571153,-11.85579055
460.6589423,-6.844229979
460.6607689,-16.8326694
460.6625953,-5.82110883
460.6644215,-15.80954825
460.6662474,-2.79798768
460.6680731,-14.7864271
460.6698985,-1.77486653
460.6717237,-15.76330595
460.6735486,3.24825462
460.6753733,11.2598152
460.6771977,10.27137577
460.6790219,-8.717063655
460.6808458,-8.70550308
460.6826695,-22.69394251
460.6844929,-19.68238193
460.6863161,-15.67082136
460.688139,-12.65926078
460.6899617,-9.647700205
460.6917841,-1.63613963
460.6936063,-5.624579055
460.6954282,-3.61301848
460.6972499,-3.601457906
460.6990713,11.41010267
460.7008925,15.42166324
460.7027134,10.43322382
460.7045341,29.44478439
460.7063545,24.45634497
460.7081746,29.46790554
460.7099946,24.47946612
460.7118142,23.49102669
460.7136337,25.50258727
460.7154528,-3.485852156
460.7172718,9.525708419
460.7190904,-0.462731006
460.7209088,-13.45117043
460.722727,-17.43960986
460.7245449,-4.428049281
460.7263626,2.583511294
460.72818,3.595071869
460.7299972,-2.393367556
460.7318141,3.618193018
460.7336307,-26.37024641
460.7354471,-26.35868583
460.7372633,14.65287474
460.7390792,-5.335564682
460.7408949,-11.32400411
460.7427103,-7.312443532
460.7445437,1.699117043
460.7463591,-9.289322382
460.7481742,-23.27776181
460.749989,-17.26620123
460.7518036,-14.25464066
460.753618,-6.243080082
460.7554321,-8.231519507
460.7572459,-14.21995893
460.7590595,-13.20839836
460.7608729,-14.19683778
460.762686,-10.18527721
460.7644989,-5.173716632
460.7663116,5.837843943
460.768124,-1.150595483
460.7699361,2.860965092
460.771748,-12.12747433
460.7735597,-14.11591376
460.7753711,-5.104353183
460.7771822,-22.09279261
460.7789932,-3.081232033
460.7808039,0.930328542
460.7826143,-20.05811088
460.7844245,-22.04655031
460.7862344,-20.03498973
460.7880441,-17.02342916
460.7898536,-12.01186858
460.7916628,1.999691992
460.7934717,-13.98874743
460.7952805,-11.97718686
460.7970889,-4.965626283
460.7988972,-1.954065708
460.8007052,-2.942505133
460.8025129,-14.93094456
460.8043204,-4.919383984
460.8061276,-9.907823409
460.8079346,-5.896262834
460.8097414,11.11529774
460.8115479,-4.873141684
460.8133542,-5.861581109
460.8151602,10.14997947
460.816966,-4.838459959
460.8187715,-19.82689938
460.8205768,1.184661191
460.8223819,-6.803778234
460.8241867,0.207782341
460.8259912,-16.78065708
460.8277956,-17.76909651
460.8295996,6.242464066
460.8314034,37.25402464
460.833207,46.26558522
460.8350104,61.27714579
460.8368134,22.28870637
460.8386163,29.30026694
460.8404189,28.31182752
460.8422212,8.32338809
460.8440233,-7.665051335
460.8458252,-11.65349076
460.8476268,0.358069815
460.8494282,13.36963039
460.8512293,25.38119097
460.8530302,13.39275154
460.8548309,30.40431211
460.8566312,39.41587269
460.8584314,34.42743326
460.8602313,25.43899384
460.862031,20.45055441
460.8638304,15.46211499
460.8656295,16.47367556
460.8674285,13.48523614
460.8692272,22.49679671
460.8710256,40.50835729
460.8728238,47.51991786
460.8746217,57.53147844
460.8764194,64.54303901
460.8782169,47.55459959
460.8800141,65.56616016
460.8818111,88.57772074
460.8836078,110.5892813
460.8854043,93.60084189
460.8872005,64.61240246
460.8889965,69.62396304
460.8907922,53.63552361
460.8925877,38.64708419
460.894383,30.65864476
460.896178,27.67020534
460.8979728,36.68176591
460.8997673,38.69332649
460.9015615,52.70488706
460.9033556,60.71644764
460.9051494,62.72800821
460.9069429,64.73956879
460.9087362,30.75112936
460.9105292,8.762689938
460.912322,10.77425051
460.9141146,19.78581109
460.9159069,22.79737166
460.917699,27.80893224
460.9194908,11.82049281
460.9212824,32.83205339
460.9230737,37.84361396
460.9248648,12.85517454
460.9266557,16.86673511
460.9284463,21.87829569
460.9302366,5.889856263
460.9320267,-0.098583162
460.9338166,-1.087022587
460.9356062,12.92453799
460.9373956,12.93609856
460.9391847,-0.052340862
460.9409736,0.959219713
460.9427623,-0.029219713
460.9445507,-1.017659138
460.9463388,-2.006098563
460.9481267,-21.99453799
460.9499144,-21.98297741
460.9517018,7.028583162
460.953489,16.04014374
460.9552759,18.05170431
460.9570626,9.063264887
460.9588491,6.074825462
460.9606353,-0.913613963
460.9624212,7.097946612
460.9642069,3.109507187
460.9659924,-0.878932238
460.9677776,28.13262834
460.9695626,12.14418891
460.9713473,38.15574949
460.9731318,18.16731006
460.974916,13.17887064
460.9767,34.19043121
460.9784838,41.20199179
460.9802673,39.21355236
460.9820505,73.22511294
460.9838335,114.2366735
460.9856163,132.2482341
460.9873988,178.2597947
460.9891811,179.2713552
460.9909631,164.2829158
460.9927449,148.2944764
460.9945265,124.306037
460.9963078,64.31759754
460.9980888,45.32915811
460.9998696,52.34071869
461.0016502,56.35227926
461.0034305,36.36383984
461.0052106,27.37540041
461.0069904,18.38696099
461.00877,17.39852156
461.0105494,6.410082136
461.0123285,15.42164271
461.0141073,5.433203285
461.0158859,3.44476386
461.0176643,15.45632444
461.0194424,19.46788501
461.0212203,23.47944559
461.0229979,25.49100616
461.0247753,24.50256674
461.0265525,13.51412731
461.0283294,-10.47431211
461.030106,-11.46275154
461.0318824,2.548809035
461.0336586,1.56036961
461.0354345,-3.428069815
461.0372102,13.58349076
461.0389856,-3.404948665
461.0407608,-28.39338809
461.0425357,-12.38182752
461.0443104,-0.37026694
461.0460849,-2.358706366
461.0478591,11.65285421
461.049633,21.66441478
461.0514067,30.67597536
461.0531802,17.68753593
461.0549534,17.69909651
461.0567264,12.71065708
461.0584992,14.72221766
461.0602717,14.73377823
461.0620439,22.74533881
461.0638159,31.75689938
461.0655877,35.76845996
461.0673592,36.78002053
461.0691305,38.79158111
461.0709015,15.80314168
461.0726723,-3.185297741
461.0744428,11.82626283
461.0762131,17.83782341
461.0779831,25.84938398
461.0797529,34.86094456
461.0815225,47.87250513
461.0832918,17.88406571
461.0850609,-2.104373717
461.0868297,1.907186858
461.0885983,-14.08125257
461.0903666,-15.06969199
461.0921347,-10.05813142
461.0939026,-15.04657084
461.0956702,-12.03501027
461.0974375,-3.023449692
461.0992046,-6.011889117
461.1009715,-3.000328542
461.1027381,-0.988767967
461.1045045,8.022792608
461.1062706,12.03435318
461.1080365,8.045913758
461.1098022,-2.942525667
461.1115676,-7.930965092
461.1133327,-19.91940452
461.1150976,-5.907843943
461.1168623,13.10371663
461.1186267,18.11527721
461.1203909,7.126837782
461.1221548,19.13839836
461.1239185,26.14995893
461.125682,36.16151951
461.1274452,33.17308008
461.1292081,39.18464066
461.1309708,36.19620123
461.1327333,23.20776181
461.1344955,14.21932238
461.1362575,14.23088296
461.1380192,23.24244353
461.1397807,27.25400411
461.141542,36.26556468
461.143303,74.27712526
461.1450637,118.2886858
461.1468242,149.3002464
461.1485845,182.311807
461.1503445,163.3233676
461.1521043,137.3349281
461.1538638,108.3464887
461.1556231,126.3580493
461.1573822,75.36960986
461.159141,63.38117043
461.1608995,41.39273101
461.1626578,8.404291581
461.1644159,26.41585216
461.1661737,40.42741273
461.1679313,44.43897331
461.1696886,62.45053388
461.1714457,41.46209446
461.1732026,22.47365503
461.1749592,15.48521561
461.1767155,6.496776181
461.1784716,7.508336756
461.1802275,-2.480102669
461.1819831,-2.468542094
461.1837385,-3.45698152
461.1854936,1.554579055
461.1872485,3.56613963
461.1890032,-6.422299795
461.1907576,-6.41073922
461.1925117,12.60082136
461.1942656,8.61238193
461.1960193,6.623942505
461.1977727,-3.36449692
461.1995259,-11.35293634
461.2012788,4.65862423
461.2030315,7.670184805
461.204784,0.68174538
461.2065362,8.693305955
461.2082881,0.70486653
461.2100398,-6.283572895
461.2117913,-11.27201232
461.2135425,-32.26045175
461.2152935,-23.24889117
461.2170443,-11.2373306
461.2187947,5.774229979
461.220545,10.78579055
461.222295,4.797351129
461.2240448,-0.191088296
461.2257943,-1.179527721
461.2275435,-4.167967146
461.2292926,-14.15640657
461.2310414,-3.144845996
461.2327899,-11.13328542
461.2345382,-13.12172485
461.2362862,2.889835729
461.238034,-21.0986037
461.2397816,-13.08704312
461.2415289,-10.07548255
461.243276,-2.063921971
461.2450228,22.9476386
461.2467513,3.959199179
461.2484975,-9.029240246
461.2502434,-9.017679671
461.2519891,-6.006119097
461.2537345,6.005441478
461.2554796,8.017002053
461.2572246,4.028562628
461.2589693,1.040123203
461.2607137,4.051683778
461.2624579,21.06324435
461.2642018,17.07480493
461.2659455,-0.913634497
461.267689,-5.902073922
461.2694322,-16.89051335
461.2711752,-12.87895277
461.2729179,-13.8673922
461.2746604,-12.85583162
461.2764026,-30.84427105
461.2781446,-26.83271047
461.2798863,-17.8211499
461.2816278,-21.80958932
461.2833691,-41.79802875
461.2851101,-39.78646817
461.2868508,-32.7749076
461.2885913,-30.76334702
461.2903316,-37.75178645
461.2920716,-24.74022587
461.2938114,-15.7286653
461.2955509,-12.71710472
461.2972902,6.294455852
461.2990292,34.30601643
461.300768,19.317577
461.3025065,20.32913758
461.3042448,-0.659301848
461.3059829,7.352258727
461.3077207,23.3638193
461.3094583,-10.62462012
461.3111956,-17.61305955
461.3129326,-21.60149897
461.3146695,-7.589938398
461.316406,-12.57837782
461.3181424,1.433182752
461.3198785,16.44474333
461.3216143,12.4563039
461.3233499,5.467864476
461.3250852,0.479425051
461.3268204,18.49098563
461.3285552,27.5025462
461.3302898,12.51410678
461.3320242,19.52566735
461.3337583,14.53722793
461.3354922,-17.4512115
461.3372258,-7.439650924
461.3389592,-3.428090349
461.3406923,-1.416529774
461.3424252,-17.4049692
461.3441579,-22.39340862
461.3458903,-11.38184805
461.3476224,4.629712526
461.3493543,12.6412731
461.351086,-9.347166324
461.3528174,-12.33560575
461.3545486,5.675954825
461.3562795,22.6875154
461.3580102,27.69907598
461.3597406,28.71063655
461.3614708,4.722197125
461.3632008,9.7337577
461.3649305,6.745318275
461.3666599,-0.24312115
461.3683891,17.76843943
461.3701181,19.78
461.3718468,5.791560575
461.3735753,-3.19687885
461.3753035,-7.185318275
461.3770315,5.8262423
461.3787592,-7.162197125
461.3804867,-19.15063655
461.3822139,-13.13907598
461.3839409,-20.1275154
461.3856677,-0.115954825
461.3873942,9.895605749
461.3891204,7.907166324
461.3908465,-0.081273101
461.3925722,5.930287474
461.3942977,4.941848049
461.396023,14.95340862
461.397748,4.964969199
461.3994728,-11.02347023
461.4011974,-10.01190965
461.4029217,-17.00034908
461.4046457,-13.9887885
461.4063695,-19.97722793
461.4080931,-0.965667351
461.4098164,-6.954106776
461.4115394,-23.9425462
461.4132622,-17.93098563
