483.1990832	-4.434209446
483.201301	-3.441950719
483.2035186	-0.449691992
483.2057359	4.542566735
483.207953	-1.465174538
483.2101698	1.527084189
483.2123864	1.519342916
483.2146027	2.511601643
483.2168187	2.50386037
483.2190345	-1.503880903
483.2212501	-4.511622177
483.2234654	-8.51936345
483.2256804	-7.527104723
483.2278951	-3.534845996
483.2301097	-1.542587269
483.2323239	-5.550328542
483.2345379	0.441930185
483.2367517	1.434188912
483.2389651	-5.573552361
483.2411784	-3.581293634
483.2433914	-5.589034908
483.2456041	-2.596776181
483.2478165	1.395482546
483.2500287	0.387741273
483.2522407	7.38
483.2544524	1.372258727
483.2566638	6.364517454
483.258875	6.356776181
483.2610859	3.349034908
483.2632966	4.341293634
483.265507	-1.666447639
483.2677172	-5.674188912
483.2699271	-1.681930185
483.2721367	0.310328542
483.2743461	-0.697412731
483.2765552	3.294845996
483.2787641	-1.712895277
483.2809727	-3.72063655
483.2831811	2.271622177
483.2853892	11.2638809
483.2876184	3.25613963
483.2898258	4.248398357
483.292033	8.240657084
483.2942399	8.232915811
483.2964465	-0.774825462
483.2986529	0.217433265
483.3008591	-4.790308008
483.303065	-3.798049281
483.3052706	-3.805790554
483.307476	1.186468172
483.3096811	-0.821273101
483.3118859	-0.829014374
483.3140906	-0.836755647
483.3162949	-2.84449692
483.318499	-2.852238193
483.3207029	6.140020534
483.3229064	7.132279261
483.3251098	-3.875462012
483.3273128	-6.883203285
483.3295157	-4.890944559
483.3317182	-5.898685832
483.3339205	-3.906427105
483.3361226	-2.914168378
483.3383244	-0.921909651
483.3405259	1.070349076
483.3427272	-3.937392197
483.3449283	-4.94513347
483.347129	1.047125257
483.3493296	-1.960616016
483.3515298	-4.96835729
483.3537298	-1.976098563
483.3559296	-5.983839836
483.3581291	-4.991581109
483.3603283	-2.999322382
483.3625273	-0.007063655
483.3647261	5.985195072
483.3669245	2.977453799
483.3691228	4.969712526
483.3713207	2.961971253
483.3735185	0.954229979
483.3757159	4.946488706
483.3779131	-0.061252567
483.3801101	-5.06899384
483.3823067	-2.076735113
483.3845032	1.915523614
483.3866994	7.907782341
483.3888953	-3.099958932
483.3910909	-4.107700205
483.3932864	0.884558522
483.3954815	4.876817248
483.3976764	2.869075975
483.3998711	7.861334702
483.4020654	8.853593429
483.4042596	1.845852156
483.4064535	2.838110883
483.4086471	1.83036961
483.4108404	6.822628337
483.4130336	6.814887064
483.4152264	1.807145791
483.417419	1.799404517
483.4196114	2.791663244
483.4218034	-2.216078029
483.4239953	-0.223819302
483.4261868	-1.231560575
483.4283782	3.760698152
483.4305692	4.752956879
483.43276	8.745215606
483.4349506	1.737474333
483.4371409	7.72973306
483.4393309	6.721991786
483.4415207	-0.285749487
483.4437103	-0.29349076
483.4458995	-2.301232033
483.4480885	-1.308973306
483.4502773	-1.316714579
483.4524658	-2.324455852
483.4546541	4.667802875
483.4568421	5.660061602
483.4590298	7.652320329
483.4612173	7.644579055
483.4634045	7.636837782
483.4655915	9.629096509
483.4677782	4.621355236
483.4699647	-1.386386037
483.4721509	-0.39412731
483.4743368	0.598131417
483.4765225	1.590390144
483.478708	4.582648871
483.4808931	3.574907598
483.4830781	-2.432833676
483.4852627	-3.440574949
483.4874472	-4.448316222
483.4896313	-0.456057495
483.4918152	4.536201232
483.4939989	0.528459959
483.4961822	0.520718686
483.4983654	4.512977413
483.5005483	0.50523614
483.5027309	-6.502505133
483.5049133	-9.510246407
483.5070954	-4.51798768
483.5092772	-3.525728953
483.5114588	3.466529774
483.5136402	2.458788501
483.5158213	-3.548952772
483.5180021	-4.556694045
483.5201827	-5.564435318
483.522363	2.427823409
483.524543	4.420082136
483.5267228	13.41234086
483.5289024	2.404599589
483.5310817	5.396858316
483.5332607	3.389117043
483.5354395	0.38137577
483.537618	1.373634497
483.5397963	-4.634106776
483.5419743	1.358151951
483.5441521	0.350410678
483.5463296	-3.657330595
483.5485068	-4.665071869
483.5506838	0.327186858
483.5528606	3.319445585
483.5550371	-1.688295688
483.5572133	-2.696036961
483.5593892	-1.703778234
483.561565	4.288480493
483.5637404	-0.71926078
483.5659156	-1.727002053
483.5680906	4.265256674
483.5702652	0.2575154
483.5724397	4.249774127
483.5746138	-0.757967146
483.5767878	5.234291581
483.5789614	-0.773449692
483.5811348	5.218809035
483.583308	12.21106776
483.5854809	5.203326489
483.5876535	-2.804414784
483.5898259	-3.812156057
483.591998	-1.819897331
483.5941699	-4.827638604
483.5963415	-5.835379877
483.5985129	3.15687885
483.600684	9.149137577
483.6028548	2.141396304
483.6050254	6.133655031
483.6071957	3.125913758
483.6093658	-0.881827515
483.6115356	6.110431211
483.6137052	6.102689938
483.6158745	6.094948665
483.6180436	7.087207392
483.6202124	11.07946612
483.6223809	11.07172485
483.6245492	0.063983573
483.6267172	5.0562423
483.628885	6.048501027
483.6310525	-0.959240246
483.6332197	2.03301848
483.6353867	2.025277207
483.6375535	1.017535934
483.63972	-0.990205339
483.6418862	1.002053388
483.6440522	-5.005687885
483.6462179	-4.013429158
483.6483834	-7.021170431
483.6505486	-0.028911704
483.6527135	-0.036652977
483.6548782	5.955605749
483.6570427	3.947864476
483.6592069	3.940123203
483.6613708	-1.06761807
483.6635345	-3.075359343
483.6656979	-1.083100616
483.667861	-2.090841889
483.6700239	-2.098583162
483.6721866	0.893675565
483.674349	1.885934292
483.6765111	3.878193018
483.678673	1.870451745
483.6808346	2.862710472
483.6829959	3.854969199
483.6851571	0.847227926
483.6873179	1.839486653
483.6894785	0.83174538
483.6916388	-0.175995893
483.6937989	1.816262834
483.6959587	4.808521561
483.6981183	0.800780287
483.7002776	5.793039014
483.7024367	4.785297741
483.7045955	2.777556468
483.706754	5.769815195
483.7089123	-0.237926078
483.7110703	-6.245667351
483.7132281	-1.253408624
483.7153856	-0.261149897
483.7175429	1.73110883
483.7196999	6.723367556
483.7218566	3.715626283
483.7240131	1.70788501
483.7261694	0.700143737
483.7283253	-0.307597536
483.7304811	4.684661191
483.7326365	1.676919918
483.7347917	-1.330821355
483.7369467	-1.338562628
483.7391014	-0.346303901
483.7412558	2.645954825
483.74341	-2.361786448
483.7455639	0.630472279
483.7477176	4.622731006
483.749871	5.614989733
483.7520242	4.60724846
483.7541771	5.599507187
483.7563297	-1.408234086
483.7584821	-4.415975359
483.7606342	0.576283368
483.7627861	8.568542094
483.7649377	3.560800821
483.7670891	1.553059548
483.7692402	5.545318275
483.771391	-0.462422998
483.7735416	-3.470164271
483.775692	1.522094456
483.777842	0.514353183
483.7799919	4.50661191
483.7821414	8.498870637
483.7842907	5.491129363
483.7864398	4.48338809
483.7885886	1.475646817
483.7907371	1.467905544
483.7928854	-3.539835729
483.7950334	1.452422998
483.7971812	0.444681725
483.7993287	1.436940452
483.801476	4.429199179
483.803623	5.421457906
483.8057697	8.413716632
483.8079162	-0.594024641
483.8100624	3.398234086
483.8122084	8.390492813
483.8143541	10.38275154
483.8164996	2.375010267
483.8186448	4.367268994
483.8207897	4.359527721
483.8229344	6.351786448
483.8250788	6.344045175
483.827223	6.336303901
483.8293669	2.328562628
483.8315106	11.32082136
483.833654	14.31308008
483.8357972	11.30533881
483.83794	-1.702402464
483.8400827	2.289856263
483.8422251	5.28211499
483.8443672	4.274373717
483.846509	-1.733367556
483.8486507	-5.74110883
483.850792	-0.748850103
483.8529331	1.243408624
483.8550739	3.235667351
483.8572145	6.227926078
483.8593548	2.220184805
483.8614949	3.212443532
483.8636347	7.204702259
483.8657743	0.196960986
483.8679136	-3.810780287
483.8700526	0.181478439
483.8721914	4.173737166
483.8743299	1.165995893
483.8764682	3.15825462
483.8786062	4.150513347
483.880744	3.142772074
483.8828815	13.1350308
483.8850187	0.127289528
483.8871557	0.119548255
483.8892924	-4.888193018
483.8914289	-3.895934292
483.8935651	-1.903675565
483.8957011	2.088583162
483.8978368	0.080841889
483.8999722	9.073100616
483.9021074	7.065359343
483.9042423	-1.94238193
483.906377	-3.950123203
483.9085114	2.042135524
483.9106456	5.034394251
483.9127795	4.026652977
483.9149131	1.018911704
483.9170465	5.011170431
483.9191797	1.003429158
483.9213125	7.995687885
483.9234452	7.987946612
483.9255775	6.980205339
483.9277096	3.972464066
483.9298415	3.964722793
483.9319731	2.95698152
483.9341044	-1.050759754
483.9362355	1.941498973
483.9383663	6.9337577
483.9404969	6.926016427
483.9426272	4.918275154
483.9447572	2.910533881
483.946887	1.902792608
483.9490166	5.895051335
483.9511458	1.887310062
483.9532749	0.879568789
483.9554036	6.871827515
483.9575321	8.864086242
483.9596604	6.856344969
483.9617884	2.848603696
483.9639161	2.840862423
483.9660436	-0.16687885
483.9681708	2.825379877
483.9702978	1.817638604
483.9724245	-2.190102669
483.974551	5.802156057
483.9766772	2.794414784
483.9788031	2.786673511
483.9809288	-0.221067762
483.9830542	-2.228809035
483.9851794	5.763449692
483.9873043	0.755708419
483.9894289	7.747967146
483.9915533	2.740225873
483.9936775	1.7324846
483.9958014	0.724743326
483.997925	4.717002053
484.0000484	1.70926078
484.0021715	-4.298480493
484.0042943	-1.306221766
484.0064169	-1.313963039
484.0085393	-1.321704312
484.0106613	-3.329445585
484.0127832	-5.337186858
484.0149255	-8.344928131
484.0170463	-5.352669405
484.019167	-0.360410678
484.0212873	-1.368151951
484.0234075	4.624106776
484.0255273	4.616365503
484.0276469	4.60862423
484.0297663	-3.399117043
484.0318854	1.593141684
484.0340043	3.585400411
484.0361229	4.577659138
484.0382413	5.569917864
484.0403594	3.562176591
484.0424772	0.554435318
484.0445948	3.546694045
484.0467122	2.538952772
484.0488293	1.531211499
484.0509461	0.523470226
484.0530627	4.515728953
484.0551791	-1.49201232
484.0572952	4.500246407
484.059411	1.492505133
484.0615266	4.48476386
484.063642	-1.522977413
484.0657571	-6.530718686
484.0678719	-6.538459959
484.0699865	0.453798768
484.0721008	-4.553942505
484.0742149	-1.561683778
484.0763287	3.430574949
484.0784423	3.422833676
484.0805557	5.415092402
484.0826687	2.407351129
484.0847815	3.399609856
484.0868941	13.39186858
484.0890064	8.38412731
484.0911185	8.376386037
484.0932303	10.36864476
484.0953419	13.36090349
484.0974532	14.35316222
484.0995642	6.345420945
484.101675	1.337679671
484.1037856	2.329938398
484.1058959	5.322197125
484.1080059	2.314455852
484.1101157	3.306714579
484.1122253	7.298973306
484.1143345	1.291232033
484.1164436	2.28349076
484.1185524	6.275749487
484.1206609	5.268008214
484.1227692	12.26026694
484.1248772	4.252525667
484.1269849	3.244784394
484.1290925	4.237043121
484.1311997	9.229301848
484.1333067	8.221560575
484.1354135	9.213819302
484.13752	6.206078029
484.1396262	3.198336756
484.1417322	7.190595483
484.1438379	5.182854209
484.1459434	-2.824887064
484.1480487	0.167371663
484.1501536	4.15963039
484.1522584	-2.848110883
484.1543628	2.144147844
484.1564671	-1.863593429
484.158571	-5.871334702
484.1606747	-4.879075975
484.1627782	3.113182752
484.1648814	8.105441478
484.1669843	10.09770021
484.169087	13.08995893
484.1711895	4.082217659
484.1732916	11.07447639
484.1753936	14.06673511
484.1774952	5.05899384
484.1795967	6.051252567
484.1816978	3.043511294
484.1837987	3.035770021
484.1858994	-2.971971253
484.1879998	3.020287474
484.1900999	0.012546201
484.1921998	4.004804928
484.1942995	-0.002936345
484.1963989	8.989322382
484.198498	6.981581109
484.2005969	3.973839836
484.2026955	8.966098563
484.2047938	7.95835729
484.2068919	6.950616016
484.2089898	3.942874743
484.2110874	1.93513347
484.2131847	5.927392197
484.2152818	8.919650924
484.2173787	1.911909651
484.2194752	10.90416838
484.2215716	5.896427105
484.2236676	4.888685832
484.2257634	6.880944559
484.227859	1.873203285
484.2299543	-1.134537988
484.2320493	10.85772074
484.2341441	15.84997947
484.2362387	15.84223819
484.2383329	8.83449692
484.240427	8.826755647
484.2425207	2.819014374
484.2446142	12.8112731
484.2467075	24.80353183
484.2488005	27.79579055
484.2508932	22.78804928
484.2529857	14.78030801
484.2550779	26.77256674
484.2571699	26.76482546
484.2592616	31.75708419
484.2613531	16.74934292
484.2634443	9.741601643
484.2655352	8.73386037
484.2676259	1.726119097
484.2697163	-0.281622177
484.2718065	-1.28936345
484.2738964	5.702895277
484.2759861	14.695154
484.2780755	8.687412731
484.2801647	9.679671458
484.2822536	5.671930185
484.2843422	11.66418891
484.2864306	17.65644764
484.2885187	5.648706366
484.2906066	8.640965092
484.2926942	13.63322382
484.2947815	9.625482546
484.2968686	6.617741273
484.2989555	-0.39
484.301042	1.602258727
484.3031284	1.594517454
484.3052144	-0.413223819
484.3073002	4.579034908
484.3093858	6.571293634
484.3114711	4.563552361
484.3135561	-2.444188912
484.3156409	4.548069815
484.3177254	3.540328542
484.3198097	1.532587269
484.3218937	2.524845996
484.3239774	4.517104723
484.3260609	0.50936345
484.3281441	2.501622177
484.3302271	5.493880903
484.3323098	4.48613963
484.3343923	8.478398357
484.3364745	7.470657084
484.3385564	4.462915811
484.3406381	4.455174538
484.3427195	3.447433265
484.3448007	2.439691992
484.3468816	0.431950719
484.3489622	2.424209446
484.3510426	1.416468172
484.3531228	6.408726899
484.3552026	11.40098563
484.3572822	13.39324435
484.3593616	12.38550308
484.3614407	10.37776181
484.3635195	1.370020534
484.3655981	-1.637720739
484.3676764	4.354537988
484.3697545	2.346796715
484.3718323	6.339055441
484.3739098	5.331314168
484.3759871	9.323572895
484.3780642	13.31583162
484.3801409	7.308090349
484.3822174	3.300349076
484.3842937	1.292607803
484.3863697	6.28486653
484.3884454	4.277125257
484.3905209	0.269383984
484.3925961	1.26164271
484.394671	0.253901437
484.3967457	0.246160164
484.3988201	-7.761581109
484.4008943	1.230677618
484.4029682	1.222936345
484.4050419	3.215195072
484.4071153	-2.792546201
484.4091884	-1.800287474
484.4112613	-3.808028747
484.4133339	-3.815770021
484.4154062	-1.823511294
484.4174783	1.168747433
484.4195502	2.16100616
484.4216217	-4.846735113
484.423693	5.145523614
484.4257641	-0.862217659
484.4278349	9.130041068
484.4299054	7.122299795
484.4319757	7.114558522
484.4340457	1.106817248
484.4361154	2.099075975
484.4381849	4.091334702
484.4402542	4.083593429
484.4423231	6.075852156
484.4443918	9.068110883
484.4464603	4.06036961
484.4485285	11.05262834
484.4505964	6.044887064
484.452664	2.037145791
484.4547314	6.029404517
484.4567986	9.021663244
484.4588655	8.013921971
484.4609321	12.0061807
484.4629984	7.998439425
484.4650645	0.990698152
484.4671304	2.982956879
484.4691959	2.975215606
484.4712613	5.967474333
484.4733263	8.95973306
484.4753911	1.951991786
484.4774556	5.944250513
484.4795199	5.93650924
484.4815839	7.928767967
484.4836476	-2.078973306
484.4857111	3.913285421
484.4877743	5.905544148
484.4898373	8.897802875
484.4919	7.890061602
484.4939624	5.882320329
484.4960246	5.874579055
484.4980865	3.866837782
484.5001481	4.859096509
484.5022095	-0.148644764
484.5042706	2.843613963
484.5063315	-2.16412731
484.5083921	13.82813142
484.5104524	6.820390144
484.5125125	11.81264887
484.5145723	14.8049076
484.5166318	6.797166324
484.5186911	-0.210574949
484.5207501	-1.218316222
484.5228089	13.77394251
484.5248674	1.766201232
484.5269256	-9.241540041
484.5289836	-0.249281314
484.5310413	-6.257022587
484.5330988	-1.26476386
484.5351559	5.727494867
484.5372128	10.71975359
484.5392695	8.71201232
484.5413259	0.704271047
484.543382	-2.303470226
484.5454379	-5.311211499
484.5474935	-6.318952772
484.5495488	4.673305955
484.5516039	8.665564682
484.5536587	2.657823409
484.5557133	0.650082136
484.5577675	2.642340862
484.5598216	6.634599589
484.5618753	0.626858316
484.5639288	-5.380882957
484.565982	-3.38862423
484.568035	-4.396365503
484.5700877	4.595893224
484.5721401	9.588151951
484.5741923	3.580410678
484.5762442	5.572669405
484.5782959	12.56492813
484.5803472	5.557186858
484.5823984	-0.450554415
484.5844492	5.541704312
484.5864998	7.533963039
484.5885501	-3.473778234
484.5906211	2.518480493
484.5926714	6.51073922
484.5947214	3.502997947
484.5967711	6.495256674
484.5988206	3.4875154
484.6008699	5.479774127
484.6029188	3.472032854
484.6049676	7.464291581
484.607016	5.456550308
484.6090642	12.44880903
484.6111121	6.441067762
484.6131598	6.433326489
484.6152073	8.425585216
484.6172544	5.417843943
484.6193013	-0.589897331
484.621348	-2.597638604
484.6233944	1.394620123
484.6254405	0.38687885
484.6274864	0.379137577
484.629532	-2.628603696
484.6315774	1.363655031
484.6336225	3.355913758
484.6356673	9.348172485
484.6377119	6.340431211
484.6397563	4.332689938
484.6418003	4.324948665
484.6438442	4.317207392
484.6458877	6.309466119
484.647931	4.301724846
484.6499741	-0.706016427
484.6520169	-0.7137577
484.6540594	1.278501027
484.6561017	7.270759754
484.6581437	10.26301848
484.6601854	16.25527721
484.6622269	15.24753593
484.6642682	5.239794661
484.6663092	8.232053388
484.6683499	3.224312115
484.6703904	4.216570842
484.6724306	5.208829569
484.6744705	6.201088296
484.6765102	11.19334702
484.6785497	15.18560575
484.6805888	8.177864476
484.6826278	1.170123203
484.6846664	6.16238193
484.6867048	4.154640657
484.688743	-2.853100616
484.6907809	-0.860841889
484.6928185	3.131416838
484.6948559	-6.876324435
484.696893	0.115934292
484.6989299	-0.891806982
484.7009665	-1.899548255
484.7030028	0.092710472
484.7050389	-1.915030801
484.7070748	1.077227926
484.7091103	-0.930513347
484.7111456	4.06174538
484.7131807	7.054004107
484.7152155	7.046262834
484.71725	6.038521561
484.7192843	-0.969219713
484.7213184	0.023039014
484.7233521	5.015297741
484.7253856	4.007556468
484.7274189	4.999815195
484.7294519	15.99207392
484.7314846	11.98433265
484.7335171	12.97659138
484.7355493	17.9688501
484.7375813	6.96110883
484.739613	-0.046632444
484.7416445	5.945626283
484.7436757	4.93788501
484.7457066	-0.069856263
484.7477373	-3.077597536
484.7497677	-1.085338809
484.7517979	0.906919918
484.7538278	4.899178645
484.7558574	8.891437372
484.7578868	7.883696099
484.7599159	2.875954825
484.7619448	6.868213552
484.7639734	13.86047228
484.7660018	10.85273101
484.7680299	17.84498973
484.7700577	19.83724846
484.7720853	22.82950719
484.7741126	33.82176591
484.7761397	41.81402464
484.7781665	16.80628337
484.7801931	21.79854209
484.7822194	17.79080082
484.7842454	13.78305955
484.7862712	13.77531828
484.7882967	11.767577
484.790322	1.759835729
484.792347	11.75209446
484.7943718	13.74435318
484.7963963	11.73661191
484.7984205	9.728870637
484.8004445	-2.278870637
484.8024682	0.71338809
484.8044917	5.705646817
484.8065149	15.69790554
484.8085378	16.69016427
484.8105605	17.682423
484.8125829	13.67468172
484.8146051	7.666940452
484.816627	8.659199179
484.8186487	5.651457906
484.8206701	3.643716632
484.8226913	6.635975359
484.8247121	8.628234086
484.8267328	1.620492813
484.8287532	5.61275154
484.8307733	8.605010267
484.8327931	13.59726899
484.8348127	10.58952772
484.8368321	12.58178645
484.8388512	-0.425954825
484.84087	1.566303901
484.8428886	6.558562628
484.8449069	6.550821355
484.8469249	9.543080082
484.8489427	7.535338809
484.8509603	7.527597536
484.8529775	5.519856263
484.8549946	-0.48788501
484.8570113	1.504373717
484.8590278	3.496632444
484.8610441	7.48889117
484.8630601	2.481149897
484.8650758	-0.526591376
484.8670913	-0.534332649
484.8691065	4.457926078
484.8711215	-0.549815195
484.8731362	0.442443532
484.8751506	-2.565297741
484.8771648	-4.573039014
484.8791788	-2.580780287
484.8811924	2.411478439
484.8832059	3.403737166
484.885219	-0.604004107
484.8872319	4.38825462
484.8892446	0.380513347
484.891257	6.372772074
484.8932691	10.3650308
484.895281	9.357289528
484.8972926	11.34954825
484.8993039	10.34180698
484.901315	-1.665934292
484.9033259	0.326324435
484.9053365	-2.681416838
484.9073468	7.310841889
484.9093569	0.303100616
484.9113667	0.295359343
484.9133762	1.28761807
484.9153855	2.279876797
484.9173946	-3.727864476
484.9194034	-5.735605749
484.9214119	-0.743347023
484.9234202	3.248911704
484.9254282	4.241170431
484.9274359	8.233429158
484.9294434	5.225687885
484.9314507	20.21794661
484.9334576	25.21020534
484.9354644	17.20246407
484.9374708	15.19472279
484.939477	16.18698152
484.941483	13.17924025
484.9434887	10.17149897
484.9454941	9.1637577
484.9474993	9.156016427
484.9495042	14.14827515
484.9515089	27.14053388
484.9535133	17.13279261
484.9555174	7.125051335
484.9575213	3.117310062
484.959525	7.109568789
484.9615283	9.101827515
484.9635314	3.094086242
484.9655343	6.086344969
484.9675369	6.078603696
484.9695393	6.070862423
484.9715413	9.06312115
484.9735432	13.05537988
484.9755448	6.047638604
484.9775461	9.039897331
484.9795471	7.032156057
484.9815479	-0.975585216
484.9835485	-5.983326489
484.9855488	4.008932238
484.9875488	4.001190965
484.9895486	0.993449692
484.9915481	7.985708419
484.9935473	7.977967146
484.9955463	2.970225873
484.9975451	5.9624846
484.9995436	6.954743326
485.0015418	-1.052997947
485.0035398	-0.06073922
485.0055375	-3.068480493
485.0075349	-4.076221766
485.0095321	-2.083963039
485.0115291	0.908295688
485.0135257	-1.099445585
485.0155222	5.892813142
485.0175183	10.88507187
485.0195142	0.877330595
485.0215099	4.869589322
485.0235053	-0.138151951
485.0255004	-7.145893224
485.0274953	-3.153634497
485.0294899	2.83862423
485.0314843	1.830882957
485.0334784	-1.176858316
485.0354723	-8.184599589
485.0374659	0.807659138
485.0394592	7.799917864
485.0414523	7.792176591
485.0434451	10.78443532
485.0454377	4.776694045
485.04743	0.768952772
485.049422	0.761211499
485.0514138	3.753470226
485.0534053	2.745728953
485.0553966	4.73798768
485.0573876	0.730246407
485.0593784	-1.277494867
485.0613689	2.71476386
485.0633592	0.707022587
485.0653492	-1.300718686
485.0673389	-1.308459959
485.0693284	7.683798768
485.0713176	8.676057495
485.0733065	0.668316222
485.0752952	4.660574949
485.0772837	6.652833676
485.0792719	0.645092402
485.0812598	0.637351129
485.0832475	-1.370390144
485.0852349	-4.378131417
485.0872221	-2.38587269
485.089209	-1.393613963
485.0911956	4.598644764
485.093182	3.590903491
485.0951681	-1.416837782
485.097154	-5.424579055
485.0991396	-9.432320329
485.101125	-1.440061602
485.1031101	7.552197125
485.1050949	6.544455852
485.1070795	9.536714579
485.1090639	4.528973306
485.1110479	3.521232033
485.1130318	-2.48650924
485.1150153	12.50574949
485.1169986	16.49800821
485.1189817	7.49026694
485.1209645	2.482525667
485.122947	2.474784394
485.1249293	5.467043121
485.1269113	0.459301848
485.128893	0.451560575
485.1308745	0.443819302
485.1328558	-0.563921971
485.1348368	-4.571663244
485.1368175	-0.579404517
485.138798	2.412854209
485.1407782	11.40511294
485.1427582	15.39737166
485.1447379	19.38963039
485.1467173	12.38188912
485.1486965	0.374147844
485.1506754	0.366406571
485.1526541	9.358665298
485.1546325	1.350924025
485.1566107	-4.656817248
485.1585886	1.335441478
485.1605662	4.327700205
485.1625436	0.319958932
485.1645207	-0.687782341
485.1664976	7.304476386
485.1684742	7.296735113
485.1704506	-0.71100616
485.1724267	2.281252567
485.1744025	0.273511294
485.1763781	-0.734229979
485.1783534	6.258028747
485.1803285	-0.749712526
485.1823033	5.242546201
485.1842779	-3.765195072
485.1862522	1.227063655
485.1882262	1.219322382
485.1901796	-0.788418891
485.1921529	-5.796160164
485.194126	-1.803901437
485.1960988	3.18835729
485.1980713	7.180616016
485.2000436	3.172874743
485.2020157	9.16513347
485.2039875	4.157392197
485.205959	-0.850349076
485.2079303	-2.858090349
485.2099013	-0.865831622
485.211872	1.126427105
485.2138425	-0.881314168
485.2158128	2.110944559
485.2177827	9.103203285
485.2197524	7.095462012
485.2217219	8.087720739
485.2236911	4.079979466
485.22566	15.07223819
485.2276287	9.06449692
485.2295972	4.056755647
485.2315653	5.049014374
485.2335332	-1.958726899
485.2355009	-0.966468172
485.2374683	-2.974209446
485.2394354	5.018049281
485.2414023	-4.989691992
485.2433689	2.002566735
485.2453352	-2.005174538
485.2473013	-5.012915811
485.2492672	-4.020657084
485.2512328	-3.028398357
485.2531981	-1.03613963
485.2551631	-3.043880903
485.257128	-4.051622177
485.2590925	-4.05936345
485.2610568	-1.067104723
485.2630208	0.925154004
485.2649846	0.917412731
485.2669481	-2.090328542
485.2689113	-1.098069815
485.2708743	3.894188912
485.2728371	1.886447639
485.2747996	-0.121293634
485.2767618	-2.129034908
485.2787237	-4.136776181
485.2806854	-5.144517454
485.2826469	-4.152258727
485.2846081	2.84
485.286569	-3.167741273
485.2885297	2.824517454
485.2904901	11.81677618
485.2924502	2.809034908
485.2944101	12.80129363
485.2963697	5.793552361
485.2983291	-5.214188912
485.3002882	-3.221930185
485.3022471	6.770328542
485.3042057	7.762587269
485.306164	16.754846
485.3081221	7.747104723
485.3100799	-1.26063655
485.3120375	-3.268377823
485.3139948	-4.276119097
485.3159518	-1.28386037
485.3179086	-3.291601643
485.3198652	0.700657084
485.3218214	-3.307084189
485.3237774	-0.314825462
485.3257332	3.677433265
485.3276887	-1.330308008
485.3296439	-3.338049281
485.3315989	-6.345790554
485.3335536	-3.353531828
