Ion   Ju     Eu(eV)         Jl      El(eV)          lambda(AA)     A(s^-1)       gf  
UII   5.5   5.2888         4.5     0.000             2348.895      1.455E+08  0.8270       
UII   5.5   5.1227         4.5     0.000             2419.574      4.593E+07  0.5769     
UII   6.5   5.6454         6.5     0.6852            2498.828      4.385E+07  0.5712 
UII   6.5   5.4769         5.5     0.5481            2514.77       5.214E+07  0.8025 
UII   6.5   5.4101         5.5     0.5481            2549.288      4.831E+07  0.7641 
UII   5.5   4.8489         4.5     0.000             2556.192      5.190E+07  0.7276 
UII   5.5   4.8315         4.5     0.000             2565.407      6.293E+07  0.8887 
UII   6.5   5.4769         7.5     0.6521            2568.978      4.355E+07  0.5247 
UII   3.5   4.8234         4.5     0.000             2569.708      1.254E+08  0.7898 
UII   3.5   4.7959         4.5     0.000             2584.416      8.010E+07  0.5102 
UII   6.5   5.4101         5.5     0.7179            2641.563      4.196E+07  0.7125 
UII   4.5   4.6853         4.5     0.000             2645.472      7.899E+07  0.8237 
UII   3.5   4.7959         4.5     0.1134            2647.017      4.454E+07  0.2976 
UII   4.5   4.7147         5.5     0.03584           2649.064      7.414E+07  0.6460 
UII   5.5   4.6614         4.5     0.000             2659.023      2.261E+07  0.3430 
UII   4.5   4.6853         5.5     0.03584           2665.863      4.815E+07  0.4249 
UII   5.5   4.8489         6.5     0.2169            2675.876      5.128E+07  0.5627 
UII   6.5   5.4101         6.5     0.7790            2676.416      8.240E+07  1.231  
UII   6.5   5.6454         6.5     1.026             2683.282      1.442E+08  2.166  
UII   5.5   4.8315         6.5     0.2169            2685.976      6.904E+07  0.7634 
UII   6.5   5.6454         7.5     1.041             2691.781      8.398E+07  1.111  
UII   5.5   5.1227         5.5     0.5481            2709.506      5.091E+07  0.6683 
UII   4.5   4.6853         4.5     0.1134            2711.103      3.289E+07  0.3602 
UII   5.5   4.8489         5.5     0.2845            2715.534      3.881E+07  0.5117 
UII   5.5   4.8315         5.5     0.2845            2725.936      4.261E+07  0.5661 
UII   6.5   4.5605         5.5     0.03584           2739.39       2.684E+07  0.4902 
UII   7.5   4.7304         6.5     0.2169            2746.159      2.518E+07  0.5174 
UII   4.5   4.4821         4.5     0.000             2765.397      4.323E+07  0.4926 
UII   6.5   5.6454         5.5     1.184             2778.481      5.441E+07  1.022  
UII   4.5   4.4585         4.5     0.000             2780.032      4.114E+07  0.4738 
UII   6.5   5.4769         6.5     1.026             2784.908      5.363E+07  0.8676 
UII   4.5   4.4585         5.5     0.03584           2802.559      9.513E+07  0.9277 
UII   7.5   4.6256         6.5     0.2169            2811.383      3.166E+07  0.6818 
UII   6.5   4.4374         5.5     0.03584           2815.986      2.331E+07  0.4498 
UII   5.5   4.4244         5.5     0.03584           2824.365      4.484E+07  0.6395 
UII   4.5   4.4821         4.5     0.1134            2837.193      5.484E+07  0.6577 
UII   5.5   4.4004         5.5     0.03584           2839.892      4.686E+07  0.6757 
UII   6.5   5.4101         5.5     1.055             2846.149      4.697E+07  0.9259 
UII   6.5   4.5605         6.5     0.2169            2853.565      3.192E+07  0.5423 
UII   3.5   4.3331         4.5     0.000             2860.466      7.612E+07  0.5939 
UII   7.5   4.8984         6.5     0.5685            2862.615      2.520E+07  0.5627 
UII   5.5   4.3252         4.5     0.000             2865.681      4.979E+07  0.8772 
UII   5.5   4.4244         4.5     0.1134            2875.194      2.876E+07  0.5102 
UII   6.5   4.3300         5.5     0.03584           2886.445      2.161E+07  0.4382 
UII   6.5   5.4769         5.5     1.184             2887.591      6.061E+07  1.230  
UII   4.5   4.2914         4.5     0.000             2888.256      4.745E+07  0.5898 
UII   5.5   4.3252         5.5     0.03584           2889.623      6.520E+07  0.9734 
UII   6.5   4.5605         5.5     0.2845            2898.708      2.443E+07  0.4996 
UII   5.5   4.2699         4.5     0.000             2902.807      1.703E+07  0.3079 
UII   6.5   4.3033         5.5     0.03584           2904.504      2.319E+07  0.4762 
UII   4.5   4.2914         5.5     0.03584           2912.579      3.657E+07  0.3852 
UII   5.5   4.2890         5.5     0.03584           2914.252      3.521E+07  0.5347 
UII   7.5   4.8984         7.5     0.6521            2918.972      3.658E+07  0.7430 
UII   5.5   4.2402         4.5     0.000             2923.173      1.646E+07  0.3018 
UII   5.5   4.2699         5.5     0.03584           2927.376      3.445E+07  0.5278 
UII   6.5   4.4374         6.5     0.2169            2936.775      2.051E+07  0.3690 
UII   3.5   4.3331         4.5     0.1134            2937.352      4.480E+07  0.3686 
UII   6.5   5.4101         6.5     1.193             2939.485      5.933E+07  1.069  
UII   7.5   4.8984         6.5     0.6852            2941.916      7.704E+07  1.817  
UII   5.5   4.3252         4.5     0.1134            2942.851      2.807E+07  0.5215 
UII   5.5   4.4244         6.5     0.2169            2945.889      3.961E+07  0.5268 
UII   5.5   4.2402         5.5     0.03584           2948.089      3.417E+07  0.5310 
UII   6.5   4.2294         5.5     0.03584           2955.638      2.130E+07  0.4529 
UII   5.5   4.4004         6.5     0.2169            2962.785      3.999E+07  0.5379 
UII   4.5   4.2914         4.5     0.1134            2966.663      3.690E+07  0.4838 
UII   6.5   4.2121         5.5     0.03584           2967.936      3.065E+07  0.6570 
UII   5.5   4.2890         4.5     0.1134            2968.399      2.201E+07  0.4160 
UII   6.5   4.2003         5.5     0.03584           2976.351      2.600E+07  0.5605 
UII   6.5   4.4374         5.5     0.2845            2984.611      3.669E+07  0.7953 
UII   5.5   4.1843         5.5     0.03584           2987.798      2.370E+07  0.3783 
UII   3.5   4.8234         3.5     0.7027            3007.915      9.217E+07  0.9940 
UII   6.5   4.1504         5.5     0.03584           3012.443      1.300E+07  0.2871 
UII   5.5   4.6614         5.5     0.5481            3013.373      4.384E+07  0.7118 
UII   5.5   4.3252         6.5     0.2169            3016.954      3.982E+07  0.5554 
UII   7.5   4.3181         6.5     0.2169            3022.211      3.111E+07  0.7741 
UII   6.5   4.3033         6.5     0.2169            3033.179      3.581E+07  0.6873 
UII   6.5   4.2995         6.5     0.2169            3035.96       1.935E+07  0.3719 
UII   4.5   4.0798         4.5     0.000             3038.077      2.662E+07  0.3660 
UII   4.5   4.6566         3.5     0.5782            3039.133      3.763E+07  0.6473 
UII   7.5   4.7304         7.5     0.6521            3039.258      3.501E+07  0.7711 
UII   3.5   4.1900         4.5     0.1134            3040.461      3.795E+07  0.3345 
UII   5.5   4.2890         6.5     0.2169            3043.811      3.177E+07  0.4511 
UII   6.5   4.1044         5.5     0.03584           3046.467      1.667E+07  0.3764 
UII   4.5   4.0636         4.5     0.000             3050.197      4.242E+07  0.5880 
UII   7.5   4.2653         6.5     0.2169            3061.618      2.552E+07  0.6518 
UII   6.5   4.2641         6.5     0.2169            3062.537      3.817E+07  0.7468 
UII   6.5   4.3300         5.5     0.2845            3063.879      1.535E+07  0.3506 
UII   7.5   4.7304         6.5     0.6852            3064.14       2.037E+07  0.5210 
UII   6.5   4.3033         5.5     0.2845            3084.234      1.647E+07  0.3814 
UII   6.5   4.2995         5.5     0.2845            3087.109      1.639E+07  0.3802 
UII   6.5   4.2294         6.5     0.2169            3088.987      2.411E+07  0.4800 
UII   6.5   4.2216         6.5     0.2169            3095.04       2.594E+07  0.5184 
UII   5.5   4.2890         5.5     0.2845            3095.228      2.692E+07  0.4612 
UII   6.5   4.2763         5.5     0.2845            3105.099      1.759E+07  0.4127 
UII   6.5   4.2003         6.5     0.2169            3111.618      4.274E+07  0.8633 
UII   6.5   4.0184         5.5     0.03584           3112.25       1.669E+07  0.3934 
UII   6.5   4.2641         5.5     0.2845            3114.593      1.830E+07  0.4321 
UII   7.5   4.6256         7.5     0.6521            3119.349      4.372E+07  1.014  
UII   3.5   3.9710         4.5     0.000             3121.332      3.307E+07  0.3073 
UII   4.5   4.0798         4.5     0.1134            3124.952      4.538E+07  0.6603 
UII   2.5   4.5424         3.5     0.5782            3126.697      8.723E+07  0.5718 
UII   5.5   4.2402         5.5     0.2845            3133.426      1.881E+07  0.3302 
UII   7.5   4.7304         6.5     0.7790            3136.895      2.443E+07  0.6551 
UII   4.5   4.6566         4.5     0.7087            3139.606      7.179E+07  1.054  
UII   6.5   4.2294         5.5     0.2845            3141.954      1.665E+07  0.4001 
UII   7.5   4.6256         6.5     0.6852            3145.566      3.676E+07  0.9910 
UII   4.5   3.9366         4.5     0.000             3148.586      2.033E+07  0.3003 
UII   6.5   4.1504         6.5     0.2169            3151.087      1.792E+07  0.3712 
UII   2.5   4.5064         3.5     0.5782            3155.406      7.922E+07  0.5289 
UII   6.5   4.2121         5.5     0.2845            3155.856      2.107E+07  0.5107 
UII   5.5   4.2001         5.5     0.2845            3165.506      2.587E+07  0.4635 
UII   6.5   4.5605         7.5     0.6521            3171.363      3.059E+07  0.5616 
UII   3.5   3.9055         4.5     0.000             3173.719      2.511E+07  0.2412 
UII   7.5   4.1193         6.5     0.2169            3176.206      1.888E+07  0.5189 
UII   6.5   3.9348         5.5     0.03584           3179.034      1.457E+07  0.3584 
UII   4.5   4.0114         4.5     0.1134            3179.821      2.567E+07  0.3867 
UII   7.5   4.1076         6.5     0.2169            3185.698      1.686E+07  0.4663 
UII   6.5   4.1044         6.5     0.2169            3188.335      2.008E+07  0.4257 
UII   2.5   4.4616         3.5     0.5782            3191.742      5.567E+07  0.3802 
UII   4.5   3.9795         4.5     0.1134            3206.047      2.987E+07  0.4575 
UII   6.5   4.1504         5.5     0.2845            3206.225      1.518E+07  0.3798 
UII   7.5   4.8984         7.5     1.041             3213.069      2.399E+07  0.5904 
UII   4.5   3.9554         4.5     0.1134            3226.175      2.499E+07  0.3875 
UII   5.5   3.8707         5.5     0.03584           3232.156      3.006E+07  0.5616 
UII   3.5   3.9408         4.5     0.1134            3238.456      2.315E+07  0.2315 
UII   4.5   3.9366         4.5     0.1134            3241.992      2.354E+07  0.3686 
UII   6.5   4.1044         5.5     0.2845            3244.795      1.439E+07  0.3686 
UII   5.5   3.8539         5.5     0.03584           3246.386      1.806E+07  0.3403 
UII   5.5   4.5181         4.5     0.7087            3253.765      2.453E+07  0.5571 
UII   5.5   3.8053         4.5     0.000             3257.241      8.967E+06  0.2041 
UII   7.5   4.0170         6.5     0.2169            3261.715      1.564E+07  0.4534 
UII   5.5   3.9088         4.5     0.1134            3265.792      1.911E+07  0.4374 
UII   6.5   3.8266         5.5     0.03584           3269.765      8.052E+06  0.2095 
UII   5.5   3.8262         5.5     0.03584           3270.122      2.362E+07  0.4516 
UII   4.5   4.4585         3.5     0.6697            3271.448      1.964E+07  0.3914 
UII   4.5   3.8923         4.5     0.1134            3280.003      1.892E+07  0.3033 
UII   5.5   3.7761         4.5     0.000             3282.48       1.171E+07  0.2706 
UII   4.5   3.8888         4.5     0.1134            3283.102      2.087E+07  0.3352 
UII   7.5   3.9898         6.5     0.2169            3285.223      1.514E+07  0.4453 
UII   5.5   3.8053         5.5     0.03584           3288.208      2.303E+07  0.4453 
UII   5.5   3.7878         5.5     0.03584           3303.597      1.883E+07  0.3675 
UII   6.5   4.0338         5.5     0.2845            3305.89       3.147E+07  0.8369 
UII   5.5   3.7761         5.5     0.03584           3313.932      1.857E+07  0.3646 
UII   6.5   4.3033         6.5     0.5685            3318.788      1.488E+07  0.3420 
UII   6.5   4.2995         6.5     0.5685            3322.118      2.365E+07  0.5444 
UII   5.5   3.7271         4.5     0.000             3325.642      1.105E+07  0.2621 
UII   4.5   3.8384         4.5     0.1134            3327.506      1.775E+07  0.2929 
UII   6.5   4.0068         5.5     0.2845            3329.922      1.709E+07  0.4612 
UII   6.5   4.4374         5.5     0.7179            3332.432      1.453E+07  0.3926 
UII   5.5   3.7493         5.5     0.03584           3337.785      2.047E+07  0.4078 
UII   5.5   3.8262         4.5     0.1134            3338.455      1.215E+07  0.2905 
UII   6.5   3.9937         5.5     0.2845            3341.663      2.015E+07  0.5477 
UII   7.5   3.9249         6.5     0.2169            3342.679      1.404E+07  0.4274 
UII   4.5   3.9795         5.5     0.2845            3354.502      3.143E+07  0.4391 
UII   5.5   3.7302         5.5     0.03584           3355.109      9.783E+06  0.1969 
UII   5.5   3.7271         5.5     0.03584           3357.93       1.700E+07  0.3427 
UII   4.5   3.9716         5.5     0.2845            3361.722      2.413E+07  0.3386 
UII   5.5   3.6803         4.5     0.000             3367.895      9.495E+06  0.2311 
UII   6.5   4.3300         7.5     0.6521            3370.131      2.120E+07  0.4396 
UII   5.5   3.7116         5.5     0.03584           3372.004      1.527E+07  0.3104 
UII   4.5   3.9554         5.5     0.2845            3376.544      2.149E+07  0.3042 
UII   5.5   3.6981         5.5     0.03584           3384.444      1.503E+07  0.3079 
UII   4.5   3.7739         4.5     0.1134            3386.133      1.943E+07  0.3319 
UII   6.5   4.2216         6.5     0.5685            3392.99       1.352E+07  0.3247 
UII   4.5   3.9366         5.5     0.2845            3393.874      3.083E+07  0.4409 
UII   6.5   4.3033         7.5     0.6521            3394.774      3.228E+07  0.6791 
UII   7.5   3.8674         6.5     0.2169            3395.314      1.311E+07  0.4119 
UII   6.5   3.9348         5.5     0.2845            3395.609      1.570E+07  0.4404 
UII   6.5   4.2995         7.5     0.6521            3398.258      2.252E+07  0.4747 
UII   5.5   3.6803         5.5     0.03584           3401.012      1.660E+07  0.3434 
UII   6.5   4.2121         6.5     0.5685            3401.864      1.337E+07  0.3227 
UII   4.5   3.7523         4.5     0.1134            3406.269      1.895E+07  0.3276 
UII   5.5   3.8539         6.5     0.2169            3407.976      1.723E+07  0.3067 
UII   5.5   4.6614         4.5     1.039             3421.694      3.220E+07  0.8090 
UII   4.5   4.2914         3.5     0.6697            3422.349      1.612E+07  0.3517 
UII   7.5   3.8363         6.5     0.2169            3424.557      1.709E+07  0.5461 
UII   6.5   4.3300         5.5     0.7179            3431.558      1.729E+07  0.4956 
UII   5.5   3.8262         6.5     0.2169            3434.143      2.153E+07  0.3891 
UII   3.5   4.1900         2.5     0.5835            3436.78       2.304E+07  0.4326 
UII   4.5   4.2914         3.5     0.7027            3453.781      2.165E+07  0.4809 
UII   7.5   3.8036         6.5     0.2169            3455.744      1.121E+07  0.3646 
UII   5.5   4.2699         6.5     0.6852            3457.712      3.579E+07  0.6557 
UII   5.5   3.8539         5.5     0.2845            3472.562      1.458E+07  0.3144 
UII   5.5   3.6803         4.5     0.1134            3474.986      1.023E+07  0.2650 
UII   5.5   3.7761         6.5     0.2169            3482.49       3.031E+07  0.5633 
UII   5.5   4.2699         5.5     0.7179            3489.563      2.590E+07  0.5638 
UII   5.5   3.6647         4.5     0.1134            3490.232      1.338E+07  0.3496 
UII   6.5   4.2003         7.5     0.6521            3493.333      3.034E+07  0.6757 
UII   6.5   3.7626         6.5     0.2169            3495.748      8.410E+06  0.2144 
UII   7.5   3.7619         6.5     0.2169            3496.414      1.504E+07  0.5011 
UII   6.5   3.8266         5.5     0.2845            3499.324      1.272E+07  0.3791 
UII   7.5   4.1076         6.5     0.5685            3502.249      1.499E+07  0.5011 
UII   6.5   4.1884         7.5     0.6521            3505.074      2.746E+07  0.6157 
UII   6.5   4.1044         6.5     0.5685            3505.436      1.591E+07  0.4078 
UII   5.5   3.7493         6.5     0.2169            3508.841      2.116E+07  0.3993 
UII   5.5   3.5656         5.5     0.03584           3511.578      1.089E+07  0.2400 
UII   6.5   4.0742         5.5     0.5481            3515.231      1.199E+07  0.3606 
UII   6.5   4.3033         6.5     0.7790            3517.048      1.932E+07  0.4986 
UII   5.5   3.6347         4.5     0.1134            3519.955      1.468E+07  0.3902 
UII   6.5   4.2995         6.5     0.7790            3520.787      2.131E+07  0.5510 
UII   5.5   4.6614         4.5     1.146             3525.751      1.977E+07  0.5273 
UII   6.5   3.5505         5.5     0.03584           3526.596      9.628E+06  0.2914 
UII   5.5   3.5115         4.5     0.000             3529.77       6.340E+06  0.1695 
UII   5.5   3.7271         6.5     0.2169            3531.111      2.246E+07  0.4291 
UII   5.5   3.6212         4.5     0.1134            3533.566      1.779E+07  0.4766 
UII   6.5   4.5605         7.5     1.057             3537.461      2.834E+07  0.6473 
UII   5.5   4.2097         4.5     0.7087            3540.465      2.948E+07  0.7929 
UII   6.5   4.1504         7.5     0.6521            3543.157      2.315E+07  0.5305 
UII   6.5   4.2763         6.5     0.7790            3544.206      1.871E+07  0.4902 
UII   5.5   3.7116         6.5     0.2169            3546.677      1.786E+07  0.3444 
UII   7.5   3.7111         6.5     0.2169            3547.191      1.241E+07  0.4253 
UII   5.5   3.4907         4.5     0.000             3550.822      2.061E+07  0.5577 
UII   6.5   3.5263         5.5     0.03584           3551.043      7.628E+06  0.2341 
UII   4.5   3.7739         5.5     0.2845            3552.165      2.655E+07  0.4160 
UII   5.5   3.6981         6.5     0.2169            3560.442      1.434E+07  0.2786 
UII   5.5   4.6614         5.5     1.184             3564.88       3.180E+07  0.7225 
UII   5.5   4.0192         5.5     0.5481            3570.947      1.247E+07  0.2842 
UII   6.5   4.1884         5.5     0.7179            3571.567      1.327E+07  0.4119 
UII   6.5   4.0184         5.5     0.5481            3571.692      1.236E+07  0.3837 
UII   5.5   4.1692         4.5     0.7087            3581.837      2.375E+07  0.6538 
UII   6.5   4.1044         7.5     0.6521            3590.318      2.380E+07  0.5599 
UII   5.5   3.5656         4.5     0.1134            3590.496      1.241E+07  0.3434 
UII   5.5   3.6647         6.5     0.2169            3594.955      1.833E+07  0.3631 
UII   6.5   3.6547         6.5     0.2169            3605.483      9.076E+06  0.2461 
UII   3.5   4.0152         3.5     0.5782            3606.325      3.655E+07  0.5667 
UII   6.5   4.2121         6.5     0.7790            3610.485      1.734E+07  0.4714 
UII   6.5   3.7168         5.5     0.2845            3611.236      6.741E+06  0.2140 
UII   5.5   3.5444         4.5     0.1134            3612.666      9.645E+06  0.2701 
UII   6.5   3.4629         5.5     0.03584           3616.756      9.837E+06  0.3132 
UII   5.5   3.5345         4.5     0.1134            3623.057      1.304E+07  0.3671 
UII   5.5   3.4095         4.5     0.000             3635.41       7.590E+06  0.2152 
UII   5.5   3.6212         6.5     0.2169            3640.945      1.604E+07  0.3260 
UII   4.5   3.5139         4.5     0.1134            3645.029      1.656E+07  0.3279 
UII   3.5   3.9710         2.5     0.5835            3659.007      1.875E+07  0.3989 
UII   3.5   3.9627         3.5     0.5782            3662.329      2.414E+07  0.3860 
UII   6.5   4.4374         7.5     1.057             3666.232      2.586E+07  0.6344 
UII   5.5   3.4907         4.5     0.1134            3670.068      2.911E+07  0.8411 
UII   4.5   4.1718         4.5     0.7991            3674.993      2.553E+07  0.5138 
UII   7.5   4.0248         7.5     0.6521            3675.084      1.379E+07  0.4440 
UII   6.5   4.1504         6.5     0.7790            3676.562      2.044E+07  0.5764 
UII   6.5   4.0184         7.5     0.6521            3682.035      1.942E+07  0.4805 
UII   3.5   3.9408         2.5     0.5835            3691.918      2.988E+07  0.6473 
UII   4.5   4.2914         3.5     0.9358            3693.696      2.910E+07  0.7393 
UII   6.5   4.4374         6.5     1.086             3697.927      2.515E+07  0.7175 
UII   5.5   3.4629         4.5     0.1134            3700.571      1.378E+07  0.4049 
UII   6.5   4.0338         6.5     0.6852            3701.516      3.392E+07  0.9695 
UII   7.5   3.9898         7.5     0.6521            3713.648      1.725E+07  0.5672 
UII   5.5   3.6212         5.5     0.2845            3714.757      1.332E+07  0.3286 
UII   6.5   3.5505         6.5     0.2169            3718.106      1.276E+07  0.3679 
UII   6.5   4.0184         6.5     0.6852            3718.617      1.442E+07  0.4160 
UII   5.5   3.5444         6.5     0.2169            3724.983      1.725E+07  0.3668 
UII   4.5   3.4341         4.5     0.1134            3732.615      1.588E+07  0.3296 
UII   6.5   4.0338         5.5     0.7179            3738.04       2.220E+07  0.7550 
UII   6.5   3.9937         6.5     0.6852            3746.42       2.623E+07  0.7680 
UII   7.5   4.3644         7.5     1.057             3747.141      2.483E+07  0.8311 
UII   3.5   4.0152         4.5     0.7087            3748.676      6.779E+07  0.9085 
UII   5.5   3.9882         6.5     0.6852            3752.663      2.660E+07  0.5741 
UII   5.5   3.3015         4.5     0.000             3754.308      7.386E+06  0.2234 
UII   6.5   4.0184         5.5     0.7179            3755.482      1.725E+07  0.5921 
UII   2.5   3.8827         2.5     0.5835            3756.921      3.483E+07  0.4396 
UII   4.5   3.2957         4.5     0.000             3760.887      1.169E+07  0.2464 
UII   5.5   3.5115         6.5     0.2169            3762.116      1.180E+07  0.2559 
UII   6.5   4.0068         5.5     0.7179            3768.795      1.444E+07  0.4991 
UII   4.5   4.3203         5.5     1.035             3772.812      3.484E+07  0.6157 
UII   5.5   3.3919         4.5     0.1134            3780.714      1.086E+07  0.3332 
UII   6.5   3.3124         5.5     0.03584           3782.841      1.780E+07  0.6200 
UII   6.5   3.9937         5.5     0.7179            3783.84       1.830E+07  0.6376 
UII   6.5   4.3300         7.5     1.057             3786.568      1.953E+07  0.5112 
UII   7.5   3.9249         7.5     0.6521            3787.235      1.224E+07  0.4185 
UII   5.5   3.9882         5.5     0.7179            3790.209      1.422E+07  0.3653 
UII   3.5   3.3836         4.5     0.1134            3790.323      1.466E+07  0.2009 
UII   7.5   3.8363         6.5     0.5685            3793.1        1.579E+07  0.6188 
UII   5.5   3.3808         4.5     0.1134            3793.569      1.072E+07  0.3309 
UII   6.5   3.5505         5.5     0.2845            3795.113      8.810E+06  0.3088 
UII   4.5   3.8430         3.5     0.5782            3796.53       1.597E+07  0.4287 
UII   4.5   4.0636         4.5     0.7991            3796.843      2.482E+07  0.5331 
UII   6.5   4.3033         7.5     1.041             3799.197      2.565E+07  0.6757 
UII   5.5   3.5444         5.5     0.2845            3802.278      1.236E+07  0.3195 
UII   5.5   3.2589         4.5     0.000             3803.346      5.752E+06  0.1785 
UII   3.5   3.9627         4.5     0.7087            3809.225      4.275E+07  0.5916 
UII   5.5   3.5345         5.5     0.2845            3813.79       1.492E+07  0.3879 
UII   4.5   3.3632         4.5     0.1134            3814.063      1.511E+07  0.3276 
UII   6.5   3.4629         6.5     0.2169            3818.463      7.212E+06  0.2194 
UII   3.5   3.8261         2.5     0.5835            3822.543      1.355E+07  0.3147 
UII   6.5   3.2751         5.5     0.03584           3826.507      1.136E+07  0.4049 
UII   4.5   3.3505         4.5     0.1134            3829.02       1.219E+07  0.2663 
UII   5.5   3.8053         6.5     0.5685            3829.37       1.678E+07  0.3772 
UII   4.5   3.8133         3.5     0.5782            3831.46       3.868E+07  1.058  
UII   5.5   4.1734         5.5     0.9421            3835.914      2.113E+07  0.5560 
UII   4.5   3.5139         5.5     0.2845            3838.143      1.585E+07  0.2900 
UII   5.5   3.9088         6.5     0.6852            3845.118      1.518E+07  0.3440 
UII   7.5   3.8727         7.5     0.6521            3848.604      1.735E+07  0.6126 
UII   3.5   3.2196         4.5     0.000             3849.847      1.541E+07  0.2178 
UII   4.5   3.7938         3.5     0.5782            3854.64       4.091E+07  1.132  
UII   6.5   3.2473         5.5     0.03584           3859.571      2.483E+07  0.9003 
UII   4.5   3.7856         3.5     0.5782            3864.467      1.490E+07  0.4144 
UII   5.5   3.4907         5.5     0.2845            3865.916      2.848E+07  0.7611 
UII   6.5   3.2353         5.5     0.03584           3874.037      9.982E+06  0.3646 
UII   8.5   4.2939         8.5     1.098             3878.084      2.575E+07  1.039  
UII   7.5   3.7619         6.5     0.5685            3881.454      1.843E+07  0.7565 
UII   5.5   3.4095         6.5     0.2169            3882.356      1.696E+07  0.3918 
UII   6.5   3.2219         5.5     0.03584           3890.361      1.702E+07  0.6269 
UII   5.5   4.2402         5.5     1.055             3891.685      1.790E+07  0.4848 
UII   7.5   3.8363         7.5     0.6521            3892.682      1.839E+07  0.6643 
UII   5.5   3.7302         5.5     0.5481            3895.27       1.349E+07  0.3660 
UII   5.5   3.7493         6.5     0.5685            3896.775      2.368E+07  0.5510 
UII   4.5   3.7568         3.5     0.5782            3899.472      1.438E+07  0.4074 
UII   6.5   3.4629         5.5     0.2845            3899.728      1.244E+07  0.4602 
UII   4.5   3.2119         5.5     0.03584           3902.55       1.588E+07  0.3003 
UII   5.5   4.2097         5.5     1.035             3904.295      3.108E+07  0.8470 
UII   6.5   3.8266         7.5     0.6521            3904.563      1.572E+07  0.4374 
UII   4.5   3.8888         5.5     0.7179            3909.061      1.817E+07  0.3447 
UII   6.5   3.7168         5.5     0.5481            3911.673      1.213E+07  0.4516 
UII   5.5   4.2097         4.5     1.044             3915.877      2.379E+07  0.7827 
UII   5.5   3.1607         4.5     0.000             3921.548      6.236E+06  0.2058 
UII   5.5   3.7271         6.5     0.5685            3924.26       1.528E+07  0.3606 
UII   6.5   3.9348         6.5     0.7790            3927.759      1.525E+07  0.4907 
UII   6.5   3.1890         5.5     0.03584           3930.977      8.049E+06  0.3027 
UII   6.5   3.1881         5.5     0.03584           3932.021      1.567E+07  0.5898 
UII   7.5   3.8036         7.5     0.6521            3933.027      8.664E+06  0.3195 
UII   4.5   3.4341         5.5     0.2845            3935.38       2.125E+07  0.4086 
UII   5.5   3.2589         4.5     0.1134            3940.483      8.704E+06  0.2900 
UII   6.5   4.2294         6.5     1.086             3942.543      1.837E+07  0.5957 
UII   5.5   3.8616         5.5     0.7179            3942.84       1.649E+07  0.4584 
UII   7.5   3.7111         6.5     0.5685            3944.13       9.328E+06  0.3953 
UII   5.5   3.8539         5.5     0.7179            3952.546      1.092E+07  0.3051 
UII   6.5   3.4196         5.5     0.2845            3953.575      8.612E+06  0.3276 
UII   5.5   4.1692         5.5     1.035             3954.667      3.172E+07  0.8869 
UII   4.5   4.0149         4.5     0.8885            3964.664      2.295E+07  0.5374 
UII   3.5   3.1261         4.5     0.000             3964.961      1.249E+07  0.1873 
UII   5.5   4.1692         4.5     1.044             3966.549      2.762E+07  0.9324 
UII   2.5   4.1644         1.5     1.041             3969.021      2.185E+07  0.4616 
UII   7.5   3.7619         7.5     0.6521            3985.793      2.239E+07  0.8479 
UII   5.5   3.3919         5.5     0.2845            3988.884      9.296E+06  0.2645 
UII   3.5   3.2196         4.5     0.1134            3990.42       2.157E+07  0.3276 
UII   4.5   3.8133         4.5     0.7087            3992.535      2.283E+07  0.5423 
UII   4.5   3.1390         5.5     0.03584           3994.291      8.530E+06  0.1690 
UII   6.5   4.5122         5.5     1.412             3998.241      2.689E+07  1.046  
UII   3.5   3.6804         2.5     0.5835            4002.339      1.137E+07  0.2894 
UII   5.5   3.3808         5.5     0.2845            4003.195      7.512E+06  0.2152 
UII   6.5   3.3124         6.5     0.2169            4004.064      9.582E+06  0.3205 
UII   5.5   3.8707         6.5     0.7790            4009.169      1.421E+07  0.3499 
UII   3.5   3.7596         3.5     0.6697            4011.449      1.575E+07  0.3021 
UII   4.5   3.7938         4.5     0.7087            4017.711      2.659E+07  0.6395 
UII   6.5   3.1199         5.5     0.03584           4018.986      6.330E+06  0.2488 
UII   4.5   3.3632         5.5     0.2845            4026.023      8.879E+06  0.1787 
UII   4.5   3.1881         4.5     0.1134            4031.302      8.396E+06  0.2033 
UII   5.5   3.6212         5.5     0.5481            4033.425      1.073E+07  0.3122 
UII   4.5   4.0149         5.5     0.9421            4033.728      2.458E+07  0.4966 
UII   6.5   3.7168         7.5     0.6521            4044.412      1.925E+07  0.5746 
UII   4.5   3.0604         4.5     0.000             4050.041      2.006E+07  0.4902 
UII   7.5   3.7111         7.5     0.6521            4051.912      1.487E+07  0.5822 
UII   6.5   3.2751         6.5     0.2169            4053.02       6.859E+06  0.2350 
UII   7.5   3.8363         6.5     0.7790            4054.305      1.141E+07  0.5112 
UII   6.5   3.0901         5.5     0.03584           4058.187      7.141E+06  0.2862 
UII   6.5   3.9937         5.5     0.9421            4061.753      9.642E+06  0.3871 
UII   5.5   3.0510         4.5     0.000             4062.544      1.062E+07  0.3761 
UII   5.5   3.8262         6.5     0.7790            4067.748      2.545E+07  0.6453 
UII   5.5   3.2589         6.5     0.2169            4074.485      1.142E+07  0.2905 
UII   4.5   3.1539         4.5     0.1134            4076.685      1.104E+07  0.2734 
UII   4.5   3.7523         5.5     0.7179            4084.927      1.880E+07  0.3895 
UII   4.5   3.0318         4.5     0.000             4088.252      8.951E+06  0.2229 
UII   6.5   3.2473         6.5     0.2169            4090.133      1.966E+07  0.6859 
UII   8.5   4.2939         7.5     1.264             4091.494      1.408E+07  0.7111 
UII   6.5   3.5750         5.5     0.5481            4094.891      5.517E+06  0.2251 
UII   5.5   3.8053         6.5     0.7790            4095.77       1.706E+07  0.4387 
UII   4.5   3.0604         5.5     0.03584           4098.027      1.389E+07  0.2897 
UII   3.5   3.0180         4.5     0.000             4106.934      1.207E+07  0.1942 
UII   4.5   3.0135         4.5     0.000             4113.113      5.922E+06  0.1493 
UII   5.5   3.0113         4.5     0.000             4116.097      9.762E+06  0.3549 
UII   6.5   3.2219         6.5     0.2169            4124.728      9.184E+06  0.3260 
UII   6.5   3.5505         5.5     0.5481            4128.334      1.089E+07  0.4516 
UII   6.5   3.7168         5.5     0.7179            4133.201      8.047E+06  0.3345 
UII   5.5   3.7761         6.5     0.7790            4135.756      1.143E+07  0.2997 
UII   5.5   3.5444         5.5     0.5481            4136.813      9.224E+06  0.2822 
UII   4.5   3.2794         5.5     0.2845            4138.653      8.641E+06  0.1838 
UII   5.5   2.9946         4.5     0.000             4139.138      5.096E+06  0.1873 
UII   6.5   4.0338         7.5     1.041             4141.221      2.456E+07  0.7687 
UII   6.5   3.2751         5.5     0.2845            4144.695      5.348E+06  0.2236 
UII   7.5   3.7619         6.5     0.7790            4155.409      9.950E+06  0.4681 
UII   5.5   2.9769         4.5     0.000             4163.678      6.505E+06  0.2420 
UII   6.5   3.0120         5.5     0.03584           4164.788      2.951E+06  0.1246 
UII   5.5   3.0113         5.5     0.03584           4165.671      7.213E+06  0.2238 
UII   6.5   3.1881         6.5     0.2169            4171.589      1.503E+07  0.5455 
UII   5.5   3.7493         6.5     0.7790            4172.973      1.310E+07  0.3496 
UII   6.5   3.6547         6.5     0.6852            4174.189      1.066E+07  0.3875 
UII   5.5   3.5345         6.5     0.5685            4178.995      1.059E+07  0.2834 
UII   6.5   2.9954         5.5     0.03584           4188.064      4.459E+06  0.1903 
UII   5.5   2.9946         5.5     0.03584           4189.272      7.394E+06  0.2320 
UII   6.5   3.9937         7.5     1.041             4197.507      1.555E+07  0.5001 
UII   5.5   3.7302         6.5     0.7790            4200.086      8.530E+06  0.2306 
UII   5.5   2.9481         4.5     0.000             4204.354      4.703E+06  0.1784 
UII   5.5   3.1607         6.5     0.2169            4210.441      5.707E+06  0.1551 
UII   5.5   3.5115         6.5     0.5685            4211.658      1.300E+07  0.3535 
UII   5.5   3.4907         5.5     0.5481            4212.253      8.642E+06  0.2742 
UII   5.5   2.9769         5.5     0.03584           4214.411      4.078E+06  0.1295 
UII   7.5   3.7111         6.5     0.7790            4227.325      5.203E+06  0.2533 
UII   3.5   3.5146         2.5     0.5835            4228.756      7.781E+06  0.2211 
UII   4.5   2.9647         5.5     0.03584           4232.043      5.457E+06  0.1214 
UII   6.5   3.5750         7.5     0.6521            4240.587      6.102E+06  0.2003 
UII   5.5   3.4907         6.5     0.5685            4241.664      2.357E+07  0.6499 
UII   5.5   2.9203         4.5     0.000             4244.373      7.208E+06  0.2786 
UII   6.5   3.4629         5.5     0.5481            4252.426      6.504E+06  0.2862 
UII   3.5   3.0180         4.5     0.1134            4267.298      1.007E+07  0.1748 
UII   4.5   3.1881         5.5     0.2845            4268.846      7.168E+06  0.1622 
UII   6.5   3.1199         6.5     0.2169            4269.605      5.390E+06  0.2049 
UII   4.5   3.0135         4.5     0.1134            4273.97       5.022E+06  0.1367 
UII   6.5   3.5505         7.5     0.6521            4276.463      6.964E+06  0.2325 
UII   6.5   2.9305         5.5     0.03584           4282.023      4.210E+06  0.1879 
UII   5.5   3.4629         6.5     0.5685            4282.46       1.028E+07  0.2888 
UII   4.5   2.8907         4.5     0.000             4287.861      6.609E+06  0.1810 
UII   5.5   2.9203         5.5     0.03584           4297.105      4.997E+06  0.1650 
UII   5.5   2.8816         4.5     0.000             4301.463      3.634E+06  0.1443 
UII   6.5   3.6547         6.5     0.7790            4310.375      5.711E+06  0.2214 
UII   6.5   3.0901         6.5     0.2169            4313.874      4.585E+06  0.1780 
UII   4.5   3.1539         5.5     0.2845            4319.77       5.088E+06  0.1179 
UII   6.5   3.5505         6.5     0.6852            4325.889      5.705E+06  0.2227 
UII   4.5   2.8907         5.5     0.03584           4341.686      1.338E+07  0.3132 
UII   4.5   2.9647         4.5     0.1134            4347.195      6.215E+06  0.1750 
UII   5.5   2.8414         4.5     0.000             4362.261      4.222E+06  0.1724 
UII   5.5   3.4095         6.5     0.5685            4362.928      6.716E+06  0.1959 
UII   5.5   2.9481         4.5     0.1134            4372.572      4.348E+06  0.1784 
UII   5.5   3.0510         6.5     0.2169            4373.407      5.724E+06  0.1678 
UII   5.5   3.8707         5.5     1.055             4402.431      9.028E+06  0.3129 
UII   4.5   2.8073         4.5     0.000             4415.239      5.108E+06  0.1484 
UII   3.5   3.3836         2.5     0.5835            4426.677      6.254E+06  0.1948 
UII   4.5   2.8353         5.5     0.03584           4427.651      5.661E+06  0.1378 
UII   7.5   3.8363         7.5     1.041             4433.887      6.511E+06  0.3051 
UII   6.5   3.0120         6.5     0.2169            4434.531      4.009E+06  0.1645 
UII   4.5   2.8907         4.5     0.1134            4462.967      5.671E+06  0.1683 
UII   4.5   3.0604         5.5     0.2845            4465.138      5.782E+06  0.1431 
UII   4.5   2.8073         5.5     0.03584           4472.33       1.142E+07  0.2837 
UII   5.5   2.8816         4.5     0.1134            4477.704      2.796E+06  0.1203 
UII   5.5   2.9769         6.5     0.2169            4490.833      5.226E+06  0.1615 
UII   4.5   2.7481         4.5     0.000             4510.317      3.512E+06  0.1065 
UII   4.5   2.7809         5.5     0.03584           4515.278      7.429E+06  0.1881 
UII   5.5   2.9481         6.5     0.2169            4538.189      6.390E+06  0.2017 
UII   5.5   2.8414         4.5     0.1134            4543.624      6.861E+06  0.3039 
UII   5.5   3.0113         5.5     0.2845            4545.562      5.256E+06  0.1942 
UII   4.5   2.8353         4.5     0.1134            4553.852      2.983E+06  0.09218
UII   7.5   3.7619         7.5     1.041             4555.091      6.293E+06  0.3113 
UII   6.5   2.9305         6.5     0.2169            4567.685      3.399E+06  0.1479 
UII   4.5   2.7481         5.5     0.03584           4569.91       5.642E+06  0.1463 
UII   5.5   2.9946         5.5     0.2845            4573.678      5.296E+06  0.1981 
UII   5.5   2.9203         6.5     0.2169            4584.851      3.605E+06  0.1161 
UII   4.5   2.8073         4.5     0.1134            4601.128      3.308E+06  0.1044 
UII   5.5   2.9769         5.5     0.2845            4603.659      4.889E+06  0.1853 
UII   5.5   3.4095         5.5     0.7179            4605.15       4.994E+06  0.1894 
UII   6.5   2.7246         5.5     0.03584           4609.861      1.622E+06  0.08391
UII   7.5   3.3336         7.5     0.6521            4622.423      3.017E+06  0.1537 
UII   6.5   3.2473         6.5     0.5685            4627.075      6.894E+06  0.3079 
UII   7.5   3.7111         7.5     1.041             4641.65       5.211E+06  0.2677 
UII   4.5   2.7809         4.5     0.1134            4646.597      5.846E+06  0.1881 
UII   6.5   2.6918         5.5     0.03584           4666.85       2.684E+06  0.1423 
UII   6.5   3.2219         6.5     0.5685            4671.397      4.566E+06  0.2078 
UII   3.5   2.6434         4.5     0.000             4689.075      7.077E+06  0.1484 
UII   4.5   2.6725         5.5     0.03584           4700.973      3.135E+06  0.08604
UII   3.5   3.2196         2.5     0.5835            4702.04       4.404E+06  0.1547 
UII   5.5   2.9203         5.5     0.2845            4702.512      3.933E+06  0.1555 
UII   5.5   2.8414         6.5     0.2169            4722.717      5.192E+06  0.1775 
UII   6.5   3.1881         6.5     0.5685            4731.594      4.735E+06  0.2211 
UII   3.5   2.6063         4.5     0.000             4755.735      5.369E+06  0.1158 
UII   3.5   2.5989         4.5     0.000             4769.266      4.692E+06  0.1018 
UII   5.5   2.8816         5.5     0.2845            4772.693      3.747E+06  0.1526 
UII   4.5   2.7067         4.5     0.1134            4779.628      2.799E+06  0.09527
UII   6.5   3.1199         5.5     0.5481            4819.549      2.563E+06  0.1449 
UII   5.5   2.8414         5.5     0.2845            4847.657      3.145E+06  0.1321 
UII   6.5   3.1199         6.5     0.5685            4858.09       3.744E+06  0.1843 
UII   3.5   2.5506         4.5     0.000             4859.694      4.416E+06  0.09946
UII   3.5   3.2196         3.5     0.6697            4860.991      7.750E+06  0.2183 
UII   5.5   2.8225         5.5     0.2845            4883.783      2.459E+06  0.1049 
UII   6.5   3.2219         6.5     0.6852            4886.326      2.546E+06  0.1268 
UII   3.5   2.6434         4.5     0.1134            4899.285      5.207E+06  0.1192 
UII   4.5   2.8073         5.5     0.2845            4913.169      4.210E+06  0.1262 
UII   3.5   3.2196         3.5     0.7027            4924.646      5.158E+06  0.1491 
UII   4.5   3.0604         5.5     0.5481            4933.662      3.622E+06  0.1095 
UII   6.5   3.2219         5.5     0.7179            4950.175      2.161E+06  0.1289 
UII   3.5   2.6063         4.5     0.1134            4972.102      3.496E+06  0.08241
UII   3.5   2.5989         4.5     0.1134            4986.894      3.461E+06  0.08208
UII   6.5   2.6918         6.5     0.2169            5008.21       2.684E+06  0.1404 
UII   4.5   2.7402         5.5     0.2845            5047.405      2.383E+06  0.07540
UII   6.5   2.4768         5.5     0.03584           5077.805      9.339E+05  0.05860
UII   3.5   2.5506         4.5     0.1134            5085.848      3.072E+06  0.07577
UII   4.5   2.7067         5.5     0.2845            5117.238      3.706E+06  0.1205 
UII   4.5   3.2119         4.5     0.7991            5137.046      2.812E+06  0.1106 
UII   6.5   3.1881         6.5     0.7790            5145.084      2.180E+06  0.1204 
UII   5.5   2.6894         5.5     0.2845            5154.048      1.691E+06  0.08030
UII   6.5   3.1199         5.5     0.7179            5160.316      2.996E+06  0.1942 
UII   4.5   3.0604         3.5     0.6697            5184.57       3.125E+06  0.1565 
UII   5.5   3.1607         6.5     0.7790            5204.313      3.834E+06  0.1591 
UII   6.5   3.0901         5.5     0.7179            5225.122      1.678E+06  0.1115 
UII   6.5   3.5505         5.5     1.184             5238.615      2.373E+06  0.1585 
UII   4.5   3.0318         3.5     0.6697            5247.353      1.856E+06  0.09518
UII   6.5   2.9305         6.5     0.5685            5247.749      2.232E+06  0.1282 
UII   4.5   3.0604         3.5     0.7027            5257.045      2.837E+06  0.1460 
UII   3.5   3.0180         3.5     0.6697            5278.169      3.168E+06  0.1052 
UII   4.5   3.0135         3.5     0.6697            5288.38       1.813E+06  0.09442
UII   5.5   2.3343         4.5     0.000             5310.041      8.574E+05  0.05187
UII   5.5   2.8816         5.5     0.5481            5311.879      2.337E+06  0.1179 
UII   5.5   3.0510         5.5     0.7179            5312.716      1.856E+06  0.09367
UII   4.5   3.0318         3.5     0.7027            5321.606      1.746E+06  0.09209
UII   5.5   3.1055         6.5     0.7790            5327.757      3.203E+06  0.1393 
UII   6.5   2.8650         5.5     0.5481            5349.913      1.270E+06  0.08848
UII   4.5   3.0135         3.5     0.7027            5363.807      1.794E+06  0.09614
UII   4.5   3.4341         3.5     1.125             5368.421      3.293E+06  0.1768 
UII   5.5   4.2097         6.5     1.908             5386.19       1.152E+07  0.5122 
UII   4.5   2.9647         3.5     0.6697            5400.946      2.272E+06  0.1234 
UII   6.5   3.0120         5.5     0.7179            5403.187      1.518E+06  0.1079 
UII   7.5   3.3336         7.5     1.041             5405.975      2.128E+06  0.1482 
UII   5.5   2.9946         5.5     0.7179            5444.467      2.424E+06  0.1285 
UII   7.5   3.4613         6.5     1.193             5465.676      2.515E+06  0.2047 
UII   5.5   3.4095         4.5     1.146             5475.706      4.339E+06  0.2792 
UII   4.5   3.8133         5.5     1.552             5480.265      1.054E+07  0.3930 
UII   4.5   3.0604         4.5     0.7991            5481.203      4.176E+06  0.1869 
UII   5.5   4.1692         6.5     1.908             5482.526      1.002E+07  0.4616 
UII   5.5   2.9769         5.5     0.7179            5487.004      2.368E+06  0.1275 
UII   6.5   3.3124         5.5     1.055             5491.222      2.423E+06  0.1778 
UII   4.5   2.2565         4.5     0.000             5492.952      2.697E+06  0.1212 
UII   6.5   2.8039         5.5     0.5481            5494.657      1.330E+06  0.09769
UII   5.5   3.4375         5.5     1.184             5501.492      2.653E+06  0.1436 
UII   5.5   3.0510         4.5     0.7991            5504.128      2.246E+06  0.1460 
UII   4.5   3.7938         5.5     1.552             5527.81       1.028E+07  0.3898 
UII   5.5   2.5236         5.5     0.2845            5535.777      1.071E+06  0.05866
UII   4.5   3.3632         3.5     1.125             5538.522      2.758E+06  0.1576 
UII   6.5   2.8039         6.5     0.5685            5544.807      1.542E+06  0.09886
UII   4.5   3.7856         5.5     1.552             5548.042      5.357E+06  0.2047 
UII   4.5   3.0318         4.5     0.7991            5551.425      2.702E+06  0.1241 
UII   5.5   3.4095         5.5     1.184             5570.665      3.810E+06  0.2114 
UII   4.5   2.8907         3.5     0.6697            5580.805      1.652E+06  0.09585
UII   5.5   2.3343         4.5     0.1134            5581.222      9.385E+05  0.06272
UII   4.5   2.2565         5.5     0.03584           5581.594      1.845E+06  0.07136
UII   4.5   3.0135         4.5     0.7991            5597.365      2.639E+06  0.1232 
UII   5.5   3.0113         4.5     0.7991            5602.892      1.677E+06  0.1129 
UII   4.5   2.8815         3.5     0.6697            5603.973      1.370E+06  0.08014
UII   6.5   2.4768         5.5     0.2845            5653.771      8.665E+05  0.06741
UII   4.5   3.0604         4.5     0.8885            5706.993      2.405E+06  0.1167 
UII   4.5   2.8353         3.5     0.6697            5723.648      2.033E+06  0.1241 
UII   6.5   3.1881         6.5     1.026             5733.236      2.022E+06  0.1386 
UII   7.5   3.1824         6.5     1.026             5748.448      1.115E+06  0.1004 
UII   5.5   2.6894         5.5     0.5481            5788.568      1.432E+06  0.08578
UII   7.5   3.3336         6.5     1.193             5791.749      1.775E+06  0.1622 
UII   4.5   2.8073         3.5     0.6697            5798.53       2.501E+06  0.1566 
UII   3.5   2.7103         2.5     0.5835            5828.005      1.471E+06  0.07942
UII   6.5   2.6918         6.5     0.5685            5837.682      1.786E+06  0.1269 
UII   5.5   2.9203         4.5     0.7991            5843.277      1.488E+06  0.1090 
UII   4.5   2.1564         5.5     0.03584           5845.247      1.451E+06  0.06154
UII   5.5   2.3343         6.5     0.2169            5853.903      1.271E+06  0.06674
UII   4.5   2.7809         3.5     0.6697            5870.93       1.787E+06  0.1147 
UII   5.5   2.8816         6.5     0.7790            5895.311      1.993E+06  0.1061 
UII   5.5   3.1439         5.5     1.055             5934.445      1.534E+06  0.09662
UII   5.5   2.8816         4.5     0.7991            5952.031      1.359E+06  0.1033 
UII   4.5   3.2957         3.5     1.232             6004.815      2.344E+06  0.1574 
UII   3.5   2.6434         2.5     0.5835            6017.381      1.631E+06  0.09386
UII   5.5   2.1616         4.5     0.1134            6051.738      1.003E+06  0.07879
UII   4.5   2.1564         4.5     0.1134            6067.219      1.314E+06  0.07208
UII   4.5   2.8353         4.5     0.7991            6087.336      2.087E+06  0.1152 
UII   4.5   2.7809         4.5     0.7991            6254.203      1.521E+06  0.08866
UII   6.5   2.6918         5.5     0.7179            6279.619      7.231E+05  0.06939
UII   3.5   2.6434         3.5     0.6697            6280.183      2.111E+06  0.09926
UII   6.5   1.9791         5.5     0.03584           6378.519      5.307E+05  0.05255
UII   4.5   2.6517         4.5     0.7087            6379.619      1.546E+06  0.09376
UII   3.5   2.6063         3.5     0.6697            6400.336      1.166E+06  0.05693
UII   3.5   2.5989         3.5     0.6697            6424.867      1.325E+06  0.06522
UII   4.5   3.1539         3.5     1.232             6448.025      1.039E+06  0.08046
UII   6.5   2.5667         6.5     0.6852            6587.842      5.922E+05  0.05361
UII   4.5   2.1564         5.5     0.2845            6621.776      9.470E+05  0.05156
UII   4.5   2.8073         3.5     0.9358            6622.835      8.384E+05  0.06849
UII   4.5   2.7809         3.5     0.9358            6717.451      8.568E+05  0.07201
UII   5.5   3.1607         5.5     1.332             6776.888      1.053E+06  0.08647
UII   5.5   2.8414         4.5     1.039             6876.746      1.476E+06  0.1497 
UII   4.5   3.0604         3.5     1.295             7020.68       1.397E+06  0.1282 
UII   3.5   2.4199         3.5     0.6697            7082.094      1.038E+06  0.06204
UII   3.5   2.4199         3.5     0.7027            7218.022      8.411E+05  0.05224
UII   5.5   2.9946         5.5     1.332             7454.038      1.177E+06  0.1170 
UII   5.5   2.6894         4.5     1.039             7510.058      5.127E+05  0.06204
UII   5.5   2.5236         4.5     0.8885            7580.934      5.006E+05  0.06173
UII   5.5   2.8414         4.5     1.225             7669.704      5.330E+05  0.06727
UII   5.5   2.9203         5.5     1.332             7802.414      8.709E+05  0.09480
UII   4.5   2.7067         3.5     1.125             7837.718      7.527E+05  0.08612
UII   4.5   2.2565         3.5     0.7027            7976.896      4.765E+05  0.05647
UII   5.5   2.3343         4.5     0.7991            8074.036      4.431E+05  0.06198
UII   5.5   2.3128         4.5     0.7991            8188.238      4.295E+05  0.06179
UII   4.5   2.1564         3.5     0.6697            8337.499      5.376E+05  0.06960        