波长nm	计数count
316.59	1815
316.65	2716
316.71	2923
316.77	2213
316.84	1842
316.9	2081
316.96	2946
317.02	2191
317.09	2182
317.15	2195
317.21	1918
317.27	2659
317.34	2617
317.4	2675
317.46	2915
317.52	1779
317.59	2241
317.65	1940
317.71	2249
317.77	2319
317.84	2187
317.9	2506
317.96	2170
318.02	3284
318.09	2321
318.15	2233
318.21	2269
318.27	2833
318.34	2248
318.4	2606
318.46	2792
318.52	2654
318.59	2570
318.65	2126
318.71	2201
318.77	2722
318.83	2347
318.9	2785
318.96	2029
319.02	2656
319.08	2457
319.15	2497
319.21	2164
319.27	2096
319.33	1858
319.4	1972
319.46	2428
319.52	2376
319.58	2606
319.64	2947
319.71	2046
319.77	2012
319.83	3110
319.89	2157
319.96	2295
320.02	2377
320.08	2148
320.14	2575
320.2	2586
320.27	2147
320.33	3460
320.39	2420
320.45	2243
320.51	2139
320.58	3619
320.64	2418
320.7	3544
320.76	2435
320.83	2379
320.89	1957
320.95	2385
321.01	2196
321.07	3529
321.14	2501
321.2	1762
321.26	2444
321.32	3020
321.38	2404
321.45	2274
321.51	1935
321.57	1992
321.63	2644
321.69	1784
321.76	3057
321.82	3491
321.88	2696
321.94	2092
322	2298
322.06	2708
322.13	3191
322.19	1934
322.25	1878
322.31	2757
322.37	2496
322.44	2283
322.5	1763
322.56	2069
322.62	2710
322.68	2358
322.75	2249
322.81	1705
322.87	2072
322.93	4411
322.99	3273
323.05	2540
323.12	2382
323.18	3020
323.24	3167
323.3	3034
323.36	2242
323.42	1995
323.49	3220
323.55	2647
323.61	2521
323.67	2137
323.73	2677
323.8	2330
323.86	2833
323.92	2702
323.98	2050
324.04	2882
324.1	2023
324.17	1884
324.23	2253
324.29	2429
324.35	2487
324.41	2891
324.47	2062
324.53	2214
324.6	2352
324.66	1987
324.72	1897
324.78	3315
324.84	1849
324.9	2262
324.97	2625
325.03	1966
325.09	1981
325.15	2332
325.21	2963
325.27	2724
325.33	1683
325.4	2564
325.46	2262
325.52	2181
325.58	1988
325.64	3145
325.7	2164
325.76	2813
325.83	2096
325.89	2874
325.95	4032
326.01	2114
326.07	2344
326.13	2172
326.19	2525
326.26	2072
326.32	3089
326.38	2968
326.44	2732
326.5	2662
326.56	2238
326.62	2546
326.69	2784
326.75	3524
326.81	1981
326.87	2669
326.93	2671
326.99	3180
327.05	2214
327.11	2138
327.18	3790
327.24	2413
327.3	2846
327.36	2321
327.42	2029
327.48	2807
327.54	2344
327.6	2951
327.66	1914
327.73	2710
327.79	2479
327.85	3140
327.91	2817
327.97	2541
328.03	2753
328.09	2541
328.15	2888
328.22	1986
328.28	2880
328.34	2330
328.4	2436
328.46	2506
328.52	3241
328.58	4060
328.64	2419
328.7	1960
328.76	2439
328.83	2006
328.89	2306
328.95	2733
329.01	2950
329.07	1985
329.13	2431
329.19	2705
329.25	2564
329.31	3257
329.37	2422
329.44	2635
329.5	2582
329.56	1968
329.62	2346
329.68	2025
329.74	2745
329.8	2309
329.86	2236
329.92	2607
329.98	2034
330.04	1498
330.1	2400
330.17	2294
330.23	1917
330.29	1857
330.35	2975
330.41	3072
330.47	2421
330.53	2204
330.59	3362
330.65	3129
330.71	2640
330.77	2176
330.83	3044
330.89	1817
330.96	2722
331.02	3116
331.08	3138
331.14	2548
331.2	1718
331.26	1925
331.32	2948
331.38	3557
331.44	2528
331.5	2807
331.56	2248
331.62	2694
331.68	2602
331.74	2070
331.8	2331
331.87	2672
331.93	2637
331.99	3163
332.05	2387
332.11	2165
332.17	2034
332.23	2198
332.29	2401
332.35	2195
332.41	2460
332.47	2969
332.53	2173
332.59	2764
332.65	2011
332.71	1892
332.77	2058
332.83	2204
332.89	3874
332.95	2945
333.01	4046
333.08	3073
333.14	2646
333.2	2513
333.26	3916
333.32	3631
333.38	2492
333.44	2499
333.5	2490
333.56	2642
333.62	2263
333.68	2378
333.74	2217
333.8	2543
333.86	2969
333.92	2279
333.98	1961
334.04	2082
334.1	2773
334.16	2716
334.22	2725
334.28	1920
334.34	2821
334.4	2812
334.46	3200
334.52	2648
334.58	2874
334.64	2238
334.7	3030
334.76	2504
334.82	2542
334.88	1745
334.94	2603
335	3111
335.06	1928
335.12	2203
335.18	2344
335.24	2301
335.3	2233
335.37	2760
335.43	2593
335.49	3042
335.55	2904
335.61	2838
335.67	2410
335.73	2386
335.79	2555
335.85	2154
335.91	2021
335.97	2653
336.03	2141
336.09	2773
336.15	2023
336.21	2196
336.27	2220
336.33	1966
336.39	2098
336.45	3131
336.51	2436
336.57	3926
336.63	2237
336.68	2307
336.74	2663
336.8	2784
336.86	2035
336.92	2032
336.98	2407
337.04	3897
337.1	2382
337.16	2463
337.22	2084
337.28	2293
337.34	3052
337.4	2143
337.46	2301
337.52	2706
337.58	1818
337.64	2270
337.7	2693
337.76	2440
337.82	1813
337.88	2211
337.94	1805
338	2444
338.06	2734
338.12	2090
338.18	2735
338.24	2600
338.3	2732
338.36	2217
338.42	1725
338.48	3003
338.54	2382
338.6	2748
338.66	2660
338.72	2624
338.78	2843
338.84	1973
338.9	2702
338.96	2016
339.01	1928
339.07	2525
339.13	2132
339.19	2425
339.25	2674
339.31	2522
339.37	2390
339.43	2096
339.49	2212
339.55	1741
339.61	1969
339.67	2305
339.73	1982
339.79	3036
339.85	1772
339.91	2438
339.97	2368
340.03	1957
340.09	1820
340.14	2358
340.2	2161
340.26	2188
340.32	2482
340.38	2244
340.44	3279
340.5	2658
340.56	2724
340.62	3013
340.68	2364
340.74	2197
340.8	1797
340.86	2272
340.92	1806
340.98	2498
341.03	1928
341.09	2066
341.15	1998
341.21	3279
341.27	1659
341.33	3086
341.39	1945
341.45	1985
341.51	2939
341.57	2351
341.63	2599
341.69	2290
341.75	3580
341.8	2659
341.86	2847
341.92	2117
341.98	2221
342.04	2514
342.1	1663
342.16	2867
342.22	1936
342.28	2156
342.34	2287
342.4	2251
342.45	1767
342.51	2488
342.57	2246
342.63	2231
342.69	2337
342.75	2593
342.81	2254
342.87	2089
342.93	2353
342.99	2834
343.04	2548
343.1	3263
343.16	2666
343.22	2202
343.28	2413
343.34	2382
343.4	2429
343.46	3489
343.52	3209
343.58	2644
343.63	2539
343.69	2644
343.75	2748
343.81	3112
343.87	3234
343.93	2603
343.99	2490
344.05	2368
344.1	2494
344.16	2771
344.22	3179
344.28	2739
344.34	2822
344.4	1909
344.46	2439
344.52	3277
344.58	2337
344.63	2387
344.69	2768
344.75	3575
344.81	2560
344.87	2526
344.93	2037
344.99	2398
345.04	1859
345.1	2476
345.16	2741
345.22	2204
345.28	2389
345.34	2009
345.4	2658
345.46	2642
345.51	2184
345.57	2678
345.63	3082
345.69	3045
345.75	2499
345.81	2740
345.87	2067
345.92	3363
345.98	3710
346.04	2545
346.1	2344
346.16	2417
346.22	2033
346.27	2537
346.33	2302
346.39	2350
346.45	2080
346.51	1968
346.57	2718
346.63	1987
346.68	2749
346.74	2164
346.8	2570
346.86	3947
346.92	2207
346.98	2714
347.03	2486
347.09	1977
347.15	1773
347.21	2151
347.27	2545
347.33	2117
347.38	2220
347.44	3336
347.5	2311
347.56	2150
347.62	2472
347.68	2208
347.73	2398
347.79	1905
347.85	1847
347.91	2448
347.97	2146
348.03	2785
348.08	2950
348.14	3053
348.2	1724
348.26	1831
348.32	2530
348.37	2129
348.43	2112
348.49	3318
348.55	3111
348.61	3251
348.66	1792
348.72	2338
348.78	2009
348.84	2669
348.9	2171
348.96	2888
349.01	2391
349.07	2718
349.13	1844
349.19	2257
349.25	1724
349.3	2425
349.36	2397
349.42	1968
349.48	2062
349.54	2786
349.59	2228
349.65	2162
349.71	3272
349.77	2559
349.83	2277
349.88	1908
349.94	2885
350	1746
350.06	2325
350.11	2354
350.17	3102
350.23	2986
350.29	2193
350.35	1810
350.4	2635
350.46	2885
350.52	2537
350.58	2638
350.64	2563
350.69	1967
350.75	2784
350.81	1872
350.87	2791
350.92	2023
350.98	2165
351.04	1760
351.1	2576
351.16	2563
351.21	2257
351.27	3436
351.33	3166
351.39	2832
351.44	2195
351.5	3072
351.56	2512
351.62	2227
351.67	2110
351.73	2483
351.79	2012
351.85	2542
351.9	2077
351.96	2905
352.02	1765
352.08	2084
352.13	1991
352.19	2292
352.25	1666
352.31	2788
352.37	2312
352.42	2109
352.48	1502
352.54	2631
352.6	2578
352.65	2666
352.71	2800
352.77	2017
352.83	2395
352.88	2027
352.94	1997
353	1980
353.05	2988
353.11	2719
353.17	2205
353.23	2326
353.28	2140
353.34	2762
353.4	2213
353.46	3758
353.51	2221
353.57	2440
353.63	2667
353.69	1992
353.74	2789
353.8	2364
353.86	2224
353.91	1927
353.97	2272
354.03	2240
354.09	1990
354.14	2200
354.2	2803
354.26	3316
354.32	1468
354.37	1925
354.43	3430
354.49	2561
354.54	2620
354.6	2136
354.66	1800
354.72	2833
354.77	1996
354.83	2706
354.89	2122
354.94	2050
355	2282
355.06	2260
355.12	2487
355.17	3085
355.23	2483
355.29	3187
355.34	2102
355.4	3219
355.46	2312
355.52	1885
355.57	1947
355.63	2001
355.69	2765
355.74	2642
355.8	2646
355.86	1985
355.91	2822
355.97	3102
356.03	2539
356.08	2369
356.14	1760
356.2	3145
356.26	2575
356.31	2065
356.37	2138
356.43	2720
356.48	2036
356.54	2531
356.6	2300
356.65	3019
356.71	2072
356.77	2452
356.82	2079
356.88	3070
356.94	1963
356.99	3326
357.05	1912
357.11	1935
357.16	1851
357.22	2223
357.28	2693
357.33	3008
357.39	2625
357.45	2037
357.5	2157
357.56	2162
357.62	2116
357.67	2040
357.73	2518
357.79	2014
357.84	2719
357.9	2256
357.96	2020
358.01	1755
358.07	2563
358.13	2641
358.18	2140
358.24	2414
358.3	2333
358.35	1935
358.41	1814
358.47	2064
358.52	2593
358.58	2432
358.64	2337
358.69	1863
358.75	2398
358.81	2172
358.86	2698
358.92	2926
358.98	2607
359.03	2973
359.09	2660
359.14	2993
359.2	2109
359.26	1671
359.31	1892
359.37	2066
359.43	2452
359.48	1770
359.54	2419
359.6	1528
359.65	2183
359.71	2358
359.76	2205
359.82	2133
359.88	2446
359.93	3145
359.99	2341
360.05	2310
360.1	2042
360.16	3323
360.22	2664
360.27	2276
360.33	2945
360.38	2281
360.44	2867
360.5	1928
360.55	2682
360.61	2264
360.66	2312
360.72	2549
360.78	2562
360.83	2543
360.89	2114
360.95	1726
361	2414
361.06	2901
361.11	1927
361.17	1975
361.23	1903
361.28	2235
361.34	2060
361.39	2873
361.45	1865
361.51	2225
361.56	2617
361.62	2438
361.67	2832
361.73	2574
361.79	2776
361.84	2352
361.9	2851
361.95	2712
362.01	2605
362.07	1844
362.12	2472
362.18	2067
362.23	2290
362.29	1668
362.35	2146
362.4	1730
362.46	2237
362.51	2291
362.57	3032
362.62	2741
362.68	2281
362.74	1462
362.79	2703
362.85	2216
362.9	3034
362.96	3008
363.02	2293
363.07	2635
363.13	2134
363.18	2175
363.24	2190
363.29	1608
363.35	1859
363.41	2269
363.46	2605
363.52	2223
363.57	2166
363.63	2623
363.68	2770
363.74	2194
363.79	1917
363.85	1991
363.91	2365
363.96	2685
364.02	2457
364.07	2234
364.13	2603
364.18	2280
364.24	2962
364.29	2346
364.35	2665
364.41	2041
364.46	2742
364.52	2165
364.57	1815
364.63	3376
364.68	2138
364.74	3263
364.79	1920
364.85	1997
364.91	2190
364.96	1975
365.02	1973
365.07	2314
365.13	2164
365.18	2611
365.24	3029
365.29	2480
365.35	3053
365.4	2286
365.46	1947
365.51	2314
365.57	2166
365.63	1980
365.68	2583
365.74	2367
365.79	2961
365.85	1993
365.9	2392
365.96	2831
366.01	1899
366.07	1852
366.12	2186
366.18	1956
366.23	3171
366.29	2047
366.34	1728
366.4	1645
366.45	1976
366.51	2251
366.56	2473
366.62	2272
366.67	1892
366.73	2080
366.78	2083
366.84	2440
366.89	2194
366.95	2818
367	2506
367.06	2357
367.11	2268
367.17	2581
367.22	1589
367.28	3531
367.33	2082
367.39	1888
367.44	3504
367.5	2218
367.55	1843
367.61	2937
367.66	2844
367.72	2752
367.77	1703
367.83	3067
367.88	2180
367.94	2614
367.99	1760
368.05	1823
368.1	1541
368.16	1930
368.21	2757
368.27	2752
368.32	2181
368.38	2064
368.43	2231
368.49	1928
368.54	1964
368.6	1678
368.65	2480
368.71	3027
368.76	2124
368.82	2234
368.87	2725
368.93	2036
368.98	2221
369.04	2396
369.09	2831
369.14	2234
369.2	1884
369.25	1928
369.31	2340
369.36	1989
369.42	2909
369.47	2542
369.53	3256
369.58	1994
369.64	3000
369.69	1718
369.75	2451
369.8	3922
369.85	2115
369.91	1688
369.96	2873
370.02	2653
370.07	2113
370.13	2347
370.18	2356
370.24	3366
370.29	2144
370.35	2400
370.4	2291
370.45	1860
370.51	2001
370.56	3194
370.62	2030
370.67	2341
370.73	2766
370.78	2304
370.84	2817
370.89	2089
370.94	1898
371	1981
371.05	2526
371.11	2904
371.16	1888
371.22	2021
371.27	1718
371.32	2405
371.38	3558
371.43	2128
371.49	2148
371.54	2031
371.6	2698
371.65	2255
371.7	2406
371.76	3110
371.81	2753
371.87	1871
371.92	3331
371.97	2645
372.03	2555
372.08	2848
372.14	2573
372.19	2571
372.25	2576
372.3	2193
372.35	2474
372.41	2752
372.46	2201
372.52	2494
372.57	3396
372.62	3129
372.68	1994
372.73	2286
372.79	3165
372.84	2192
372.89	3630
372.95	2223
373	3081
373.06	2058
373.11	2358
373.16	2895
373.22	2547
373.27	2700
373.33	2903
373.38	2407
373.43	2675
373.49	1747
373.54	3046
373.6	2247
373.65	1987
373.7	2255
373.76	2039
373.81	2175
373.86	3247
373.92	2013
373.97	1967
374.03	1953
374.08	2319
374.13	3105
374.19	3062
374.24	2163
374.29	2550
374.35	2865
374.4	2514
374.46	2845
374.51	1895
374.56	2603
374.62	3192
374.67	2991
374.72	2018
374.78	3311
374.83	2127
374.89	1974
374.94	2719
374.99	2499
375.05	2767
375.1	2657
375.15	2315
375.21	2205
375.26	2673
375.31	2173
375.37	2260
375.42	2643
375.47	2040
375.53	2096
375.58	2674
375.63	3344
375.69	2501
375.74	3122
375.8	2118
375.85	2935
375.9	2630
375.96	2476
376.01	2487
376.06	1951
376.12	2227
376.17	1643
376.22	2390
376.28	2989
376.33	2463
376.38	1533
376.44	1823
376.49	2213
376.54	2906
376.6	1993
376.65	2018
376.7	2511
376.76	2158
376.81	2259
376.86	2710
376.92	1779
376.97	1749
377.02	1797
377.08	2491
377.13	3433
377.18	2587
377.23	1854
377.29	1704
377.34	3127
377.39	1878
377.45	2149
377.5	3047
377.55	2012
377.61	2149
377.66	2517
377.71	2168
377.77	2177
377.82	2168
377.87	2342
377.93	1924
377.98	2526
378.03	2646
378.08	2230
378.14	2509
378.19	3484
378.24	2139
378.3	2195
378.35	2737
378.4	2410
378.46	1910
378.51	1795
378.56	2683
378.61	2454
378.67	2567
378.72	2721
378.77	2375
378.83	3105
378.88	2195
378.93	2403
378.98	2750
379.04	2393
379.09	2602
379.14	2041
379.2	2359
379.25	2569
379.3	2524
379.35	1817
379.41	3090
379.46	1937
379.51	1902
379.56	3050
379.62	1862
379.67	3857
379.72	1722
379.78	2491
379.83	2699
379.88	1861
379.93	2382
379.99	1821
380.04	2093
380.09	1963
380.14	3584
380.2	2061
380.25	1990
380.3	2248
380.35	2293
380.41	2752
380.46	2062
380.51	1813
380.56	2188
380.62	2430
380.67	2060
380.72	2435
380.78	2096
380.83	2304
380.88	2891
380.93	2442
380.98	2009
381.04	3088
381.09	3450
381.14	2277
381.19	2095
381.25	1966
381.3	3170
381.35	2455
381.4	2622
381.46	2367
381.51	2439
381.56	1897
381.61	1961
381.67	2139
381.72	2071
381.77	2423
381.82	3634
381.88	2088
381.93	1933
381.98	2975
382.03	2515
382.08	2461
382.14	3094
382.19	2556
382.24	2907
382.29	3059
382.35	2424
382.4	3423
382.45	3156
382.5	4003
382.55	1987
382.61	3446
382.66	2555
382.71	2376
382.76	2357
382.81	2851
382.87	2317
382.92	1941
382.97	2918
383.02	1856
383.07	3533
383.13	2506
383.18	2320
383.23	2251
383.28	1722
383.33	2096
383.39	2077
383.44	2130
383.49	3387
383.54	2615
383.59	3456
383.65	2160
383.7	3327
383.75	1977
383.8	3387
383.85	2272
383.91	2328
383.96	2475
384.01	2638
384.06	2443
384.11	2830
384.17	3354
384.22	2383
384.27	1975
384.32	1855
384.37	3417
384.42	2847
384.48	2835
384.53	2185
384.58	2323
384.63	2064
384.68	2673
384.73	2685
384.79	2352
384.84	2571
384.89	2282
384.94	2736
384.99	2292
385.04	2034
385.1	2679
385.15	2517
385.2	2700
385.25	2190
385.3	1783
385.35	2583
385.41	2202
385.46	2466
385.51	1801
385.56	3147
385.61	1779
385.66	2383
385.72	2287
385.77	2196
385.82	2023
385.87	2285
385.92	2783
385.97	2093
386.02	2068
386.08	3179
386.13	2620
386.18	2583
386.23	2508
386.28	2590
386.33	2465
386.38	2386
386.44	2277
386.49	2204
386.54	2303
386.59	2530
386.64	1989
386.69	2890
386.74	2526
386.79	2157
386.85	3351
386.9	2612
386.95	2351
387	2661
387.05	1868
387.1	2145
387.15	3330
387.2	2643
387.26	2702
387.31	1988
387.36	2744
387.41	2885
387.46	2085
387.51	2349
387.56	1996
387.61	1986
387.66	2982
387.72	2628
387.77	2950
387.82	1906
387.87	1919
387.92	2371
387.97	2906
388.02	2981
388.07	1877
388.12	2073
388.18	2859
388.23	1793
388.28	2308
388.33	2108
388.38	2512
388.43	2153
388.48	1980
388.53	2016
388.58	2782
388.63	2914
388.68	2890
388.74	2624
388.79	2168
388.84	1835
388.89	2355
388.94	2035
388.99	2280
389.04	2682
389.09	2935
389.14	2241
389.19	1941
389.24	3360
389.29	2393
389.35	2527
389.4	2406
389.45	2944
389.5	2734
389.55	2554
389.6	2387
389.65	2595
389.7	1832
389.75	2073
389.8	1937
389.85	3009
389.9	1985
389.95	2298
390	2356
390.06	2412
390.11	2308
390.16	2558
390.21	2347
390.26	2502
390.31	2872
390.36	2172
390.41	2295
390.46	2461
390.51	2105
390.56	2186
390.61	2350
390.66	2459
390.71	1600
390.76	2550
390.81	1713
390.86	2317
390.91	2301
390.96	2778
391.01	2363
391.07	2420
391.12	1802
391.17	2642
391.22	2161
391.27	2337
391.32	2764
391.37	2549
391.42	2437
391.47	2924
391.52	2466
391.57	3338
391.62	2546
391.67	2846
391.72	2312
391.77	2169
391.82	2337
391.87	2651
391.92	2197
391.97	3242
392.02	3212
392.07	2256
392.12	3261
392.17	3614
392.22	1775
392.27	2650
392.32	3562
392.37	2404
392.42	2545
392.47	2571
392.52	2695
392.57	2279
392.62	2020
392.67	2584
392.72	2485
392.77	3687
392.82	1977
392.87	2916
392.92	2100
392.97	2536
393.02	1711
393.07	2272
393.12	2684
393.17	2250
393.22	2132
393.27	2385
393.32	3516
393.37	2208
393.42	1803
393.47	2508
393.52	2464
393.57	2786
393.62	2412
393.67	2989
393.72	2236
393.77	2296
393.82	2905
393.87	2536
393.92	2098
393.97	2870
394.02	2704
394.07	2546
394.12	2660
394.17	2487
394.22	3063
394.27	2546
394.32	1867
394.37	2078
394.42	3253
394.47	3071
394.52	2689
394.57	3035
394.62	2347
394.67	2098
394.71	2299
394.76	2114
394.81	3273
394.86	2911
394.91	2443
394.96	3095
395.01	2497
395.06	2528
395.11	1955
395.16	2331
395.21	3321
395.26	2248
395.31	2906
395.36	2285
395.41	2311
395.46	2834
395.51	3552
395.56	2107
395.61	2268
395.66	2669
395.7	3843
395.75	2008
395.8	2343
395.85	2410
395.9	2312
395.95	2327
396	2070
396.05	2729
396.1	3089
396.15	3064
396.2	3215
396.25	2805
396.3	2566
396.35	2344
396.39	2530
396.44	2695
396.49	2172
396.54	3987
396.59	2202
396.64	2539
396.69	2721
396.74	3866
396.79	2875
396.84	1947
396.89	2841
396.94	2674
396.98	2151
397.03	3767
397.08	2155
397.13	2414
397.18	2097
397.23	2181
397.28	3053
397.33	2407
397.38	2565
397.43	2588
397.48	2632
397.52	2102
397.57	2099
397.62	2406
397.67	2942
397.72	2152
397.77	2437
397.82	2695
397.87	2367
397.92	2401
397.96	2936
398.01	2962
398.06	2215
398.11	1829
398.16	2510
398.21	2642
398.26	3137
398.31	2733
398.36	2196
398.4	3077
398.45	2227
398.5	2370
398.55	2716
398.6	2768
398.65	2288
398.7	2645
398.75	2867
398.79	2920
398.84	2920
398.89	2922
398.94	2312
398.99	2483
399.04	2276
399.09	3070
399.13	2305
399.18	2274
399.23	3363
399.28	3530
399.33	3199
399.38	3620
399.43	2373
399.47	3623
399.52	2981
399.57	3161
399.62	3666
399.67	2856
399.72	2361
399.77	2662
399.81	3068
399.86	3479
399.91	3262
399.96	2606
400.01	2519
400.06	2564
400.1	2485
400.15	2081
400.2	3413
400.25	2493
400.3	2970
400.35	3404
400.39	1930
400.44	3456
400.49	2804
400.54	2639
400.59	2994
400.64	3091
400.68	2714
400.73	2670
400.78	1971
400.83	2255
400.88	2295
400.93	2945
400.97	3075
401.02	2773
401.07	3895
401.12	2285
401.17	2392
401.21	2313
401.26	2478
401.31	2859
401.36	2728
401.41	3118
401.46	2684
401.5	2841
401.55	2703
401.6	2822
401.65	3553
401.7	3116
401.74	2174
401.79	2471
401.84	3135
401.89	2382
401.94	2846
401.98	2869
402.03	2891
402.08	3061
402.13	3029
402.18	3041
402.22	3062
402.27	2681
402.32	2336
402.37	2840
402.41	2322
402.46	2327
402.51	2604
402.56	3330
402.61	3450
402.65	2689
402.7	2523
402.75	2052
402.8	2899
402.84	4045
402.89	3084
402.94	2587
402.99	3502
403.04	2821
403.08	2586
403.13	2648
403.18	2807
403.23	2649
403.27	2956
403.32	4075
403.37	2086
403.42	2881
403.46	2660
403.51	2960
403.56	2415
403.61	2607
403.65	2094
403.7	2490
403.75	2594
403.8	2837
403.85	2565
403.89	2437
403.94	2799
403.99	4175
404.04	3280
404.08	3310
404.13	3586
404.18	2981
404.22	2493
404.27	2820
404.32	2719
404.37	2711
404.41	3032
404.46	2562
404.51	2024
404.56	3213
404.6	2685
404.65	3040
404.7	3249
404.75	3158
404.79	2582
404.84	2504
404.89	2900
404.93	2036
404.98	2497
405.03	2233
405.08	2814
405.12	1902
405.17	2582
405.22	2922
405.27	2064
405.31	3169
405.36	2385
405.41	3409
405.45	2099
405.5	3290
405.55	2516
405.6	2490
405.64	2392
405.69	2483
405.74	2279
405.78	3884
405.83	2137
405.88	2658
405.92	2281
405.97	3133
406.02	3230
406.07	2874
406.11	2257
406.16	3644
406.21	2836
406.25	2699
406.3	2541
406.35	2408
406.39	2752
406.44	1994
406.49	3161
406.54	2872
406.58	2242
406.63	2954
406.68	2349
406.72	2628
406.77	3114
406.82	2559
406.86	3433
406.91	2542
406.96	2658
407	2803
407.05	3283
407.1	2096
407.14	3539
407.19	3005
407.24	2897
407.28	2609
407.33	2678
407.38	2939
407.42	3872
407.47	3520
407.52	2966
407.56	4503
407.61	2615
407.66	2876
407.7	3086
407.75	2565
407.8	3071
407.84	3021
407.89	2674
407.94	3571
407.98	2778
408.03	2749
408.08	2930
408.12	3053
408.17	2895
408.21	2541
408.26	3442
408.31	2885
408.35	2508
408.4	4169
408.45	2782
408.49	2073
408.54	2054
408.59	3064
408.63	2680
408.68	3253
408.73	3062
408.77	2305
408.82	2660
408.86	2336
408.91	2668
408.96	2495
409	2932
409.05	3016
409.1	3030
409.14	2400
409.19	2585
409.23	2508
409.28	3020
409.33	2373
409.37	2278
409.42	2644
409.47	2968
409.51	3262
409.56	2912
409.6	2421
409.65	2798
409.7	2636
409.74	2981
409.79	3198
409.83	2630
409.88	3649
409.93	3590
409.97	3420
410.02	2671
410.06	3227
410.11	3258
410.16	2427
410.2	2922
410.25	2557
410.29	2999
410.34	2443
410.39	2633
410.43	3007
410.48	2570
410.52	2243
410.57	2583
410.62	2722
410.66	2903
410.71	2487
410.75	2611
410.8	2583
410.84	2681
410.89	2679
410.94	2939
410.98	2253
411.03	3201
411.07	2542
411.12	2761
411.16	2343
411.21	2938
411.26	3048
411.3	2335
411.35	2982
411.39	2239
411.44	2951
411.48	3030
411.53	2765
411.58	3043
411.62	3511
411.67	2575
411.71	2591
411.76	2650
411.8	2627
411.85	3097
411.89	3115
411.94	3591
411.99	1931
412.03	2661
412.08	3390
412.12	3175
412.17	3733
412.21	2515
412.26	3102
412.3	3307
412.35	2551
412.39	3068
412.44	2551
412.49	2315
412.53	2389
412.58	2639
412.62	3354
412.67	2969
412.71	2575
412.76	2122
412.8	3487
412.85	2513
412.89	2546
412.94	3019
412.98	2609
413.03	3349
413.07	2790
413.12	3723
413.16	2695
413.21	2750
413.26	2322
413.3	2909
413.35	2987
413.39	2333
413.44	3359
413.48	2227
413.53	2886
413.57	2795
413.62	3310
413.66	2515
413.71	2735
413.75	2699
413.8	2409
413.84	3057
413.89	2587
413.93	2383
413.98	1979
414.02	2960
414.07	2998
414.11	3089
414.16	2941
414.2	3103
414.25	3050
414.29	2613
414.34	2486
414.38	2588
414.43	3405
414.47	2679
414.52	2492
414.56	3791
414.61	2730
414.65	3522
414.69	2479
414.74	3502
414.78	2945
414.83	2357
414.87	3423
414.92	3521
414.96	2269
415.62	2417
415.68	2878
415.74	2474
415.79	2233
415.85	2446
415.91	2890
415.96	2611
416.02	2141
416.07	4108
416.13	2053
416.19	2969
416.24	3171
416.3	2516
416.36	2762
416.41	2696
416.47	2086
416.53	2633
416.58	4272
416.64	4827
416.69	2650
416.75	4399
416.81	2742
416.86	2758
416.92	5015
416.98	2581
417.03	2647
417.09	2967
417.14	2367
417.2	2605
417.26	2276
417.31	2617
417.37	2861
417.42	3899
417.48	2616
417.54	2934
417.59	2720
417.65	2528
417.7	3381
417.76	3096
417.82	2827
417.87	2962
417.93	3044
417.99	2772
418.04	3234
418.1	3527
418.15	4051
418.21	3576
418.26	2246
418.32	2427
418.38	2849
418.43	3865
418.49	2580
418.54	2829
418.6	3047
418.66	3740
418.71	2854
418.77	3112
418.82	2884
418.88	3355
418.94	3064
418.99	3643
419.05	3036
419.1	2780
419.16	3703
419.21	2592
419.27	2651
419.33	3140
419.38	2848
419.44	2845
419.49	2766
419.55	2647
419.6	2982
419.66	3112
419.72	3060
419.77	3711
419.83	3769
419.88	3139
419.94	3468
419.99	3040
420.05	2415
420.1	2798
420.16	2623
420.22	2840
420.27	2904
420.33	2631
420.38	4079
420.44	2711
420.49	2964
420.55	2420
420.6	2627
420.66	3061
420.71	2785
420.77	3296
420.83	3312
420.88	2777
420.94	2788
420.99	3526
421.05	3534
421.1	3252
421.16	3024
421.21	3066
421.27	3119
421.32	3253
421.38	3356
421.43	3396
421.49	3121
421.54	3455
421.6	2996
421.66	3424
421.71	3356
421.77	2772
421.82	3383
421.88	2746
421.93	4034
421.99	3432
422.04	3802
422.1	3743
422.15	3247
422.21	2957
422.26	3200
422.32	2907
422.37	3017
422.43	3359
422.48	3084
422.54	2682
422.59	3205
422.65	3436
422.7	2595
422.76	3572
422.81	3527
422.87	3094
422.92	4172
422.98	3043
423.03	3740
423.09	3357
423.14	2893
423.2	3928
423.25	3467
423.31	4246
423.36	3964
423.42	3112
423.47	3700
423.53	3511
423.58	3319
423.64	3340
423.69	3420
423.75	3748
423.8	3125
423.86	3639
423.91	2690
423.96	3274
424.02	3148
424.07	3318
424.13	3011
424.18	2903
424.24	3301
424.29	3186
424.35	2917
424.4	2987
424.46	3737
424.51	4168
424.57	4071
424.62	3056
424.68	3469
424.73	3040
424.78	3384
424.84	2699
424.89	4332
424.95	3484
425	3758
425.06	3276
425.11	3409
425.17	3012
425.22	2900
425.28	4607
425.33	3434
425.38	3160
425.44	4092
425.49	4018
425.55	3685
425.6	3277
425.66	3516
425.71	3282
425.77	2975
425.82	3442
425.87	2954
425.93	3628
425.98	3011
426.04	3781
426.09	4127
426.15	3767
426.2	2814
426.25	2831
426.31	3846
426.36	3297
426.42	3179
426.47	3301
426.52	3009
426.58	3983
426.63	3368
426.69	3519
426.74	3042
426.8	4342
426.85	3721
426.9	3660
426.96	3273
427.01	2989
427.07	3927
427.12	3804
427.17	2946
427.23	2948
427.28	2696
427.34	2615
427.39	3072
427.44	2791
427.5	5026
427.55	3000
427.61	2655
427.66	3000
427.71	2907
427.77	3759
427.82	3178
427.88	2905
427.93	4470
427.98	3405
428.04	3265
428.09	2781
428.15	2620
428.2	3147
428.25	2812
428.31	2974
428.36	3300
428.41	3044
428.47	3447
428.52	2978
428.58	2915
428.63	3684
428.68	3290
428.74	3691
428.79	2987
428.84	2525
428.9	3600
428.95	3571
429.01	2901
429.06	3413
429.11	3134
429.17	4048
429.22	3191
429.27	3376
429.33	3150
429.38	2981
429.43	2570
429.49	3725
429.54	3540
429.6	3515
429.65	3066
429.7	3261
429.76	3560
429.81	3372
429.86	3459
429.92	3459
429.97	2996
430.02	3084
430.08	4080
430.13	2875
430.18	3611
430.24	2818
430.29	3382
430.34	3474
430.4	3937
430.45	2957
430.5	2605
430.56	2921
430.61	2689
430.66	4140
430.72	3026
430.77	2722
430.82	3180
430.88	3810
430.93	2544
430.98	3253
431.04	2957
431.09	3688
431.14	2955
431.2	2600
431.25	3600
431.3	2628
431.36	3148
431.41	3829
431.46	3634
431.52	2854
431.57	3112
431.62	3040
431.68	3112
431.73	3191
431.78	2651
431.83	3402
431.89	3216
431.94	2872
431.99	3443
432.05	3295
432.1	3725
432.15	3638
432.21	3924
432.26	3035
432.31	4065
432.36	3126
432.42	3315
432.47	3964
432.52	3239
432.58	3298
432.63	3125
432.68	3549
432.73	3186
432.79	3209
432.84	3397
432.89	2720
432.95	3440
433	3177
433.05	3708
433.1	3132
433.16	2834
433.21	2596
433.26	3014
433.32	3410
433.37	3208
433.42	3133
433.47	3932
433.53	3333
433.58	2891
433.63	3526
433.68	3066
433.74	3250
433.79	4162
433.84	4697
433.9	2823
433.95	3303
434	3151
434.05	3285
434.11	4058
434.16	3315
434.21	3731
434.26	2875
434.32	3880
434.37	3727
434.42	4057
434.47	3035
434.53	3211
434.58	3404
434.63	3689
434.68	3706
434.74	3293
434.79	2637
434.84	3660
434.89	3098
434.94	2603
435	3256
435.05	3278
435.1	3374
435.15	2713
435.21	2917
435.26	3486
435.31	3215
435.36	3077
435.42	4862
435.47	2920
435.52	3195
435.57	3061
435.63	3544
435.68	3019
435.73	3318
435.78	4077
435.83	3778
435.89	3754
435.94	2679
435.99	2893
436.04	4124
436.09	2949
436.15	2535
436.2	4071
436.25	3906
436.3	2878
436.36	3284
436.41	2871
436.46	3293
436.51	3847
436.56	3439
436.62	2836
436.67	3157
436.72	3484
436.77	3335
436.82	3027
436.88	3064
436.93	3390
436.98	2930
437.03	4443
437.08	3929
437.14	2608
437.19	2845
437.24	3325
437.29	2953
437.34	3360
437.39	2908
437.45	3762
437.5	3024
437.55	3910
437.6	3764
437.65	4024
437.71	3687
437.76	3642
437.81	3053
437.86	4068
437.91	3372
437.96	4181
438.02	3235
438.07	2854
438.12	3206
438.17	3504
438.22	2552
438.27	3485
438.33	3285
438.38	3151
438.43	3130
438.48	2590
438.53	3066
438.58	2696
438.64	2379
438.69	2817
438.74	3257
438.79	4375
438.84	3114
438.89	3173
438.94	2622
439	2768
439.05	3217
439.1	3099
439.15	3392
439.2	3121
439.25	2908
439.31	3272
439.36	3313
439.41	2816
439.46	2918
439.51	3480
439.56	3392
439.61	3476
439.66	2938
439.72	4077
439.77	3602
439.82	3676
439.87	2898
439.92	3919
439.97	3100
440.02	2607
440.08	4166
440.13	3561
440.18	3011
440.23	2998
440.28	3219
440.33	3719
440.38	3652
440.43	3795
440.48	4187
440.54	2807
440.59	3945
440.64	3770
440.69	3467
440.74	3241
440.79	3229
440.84	3378
440.89	3289
440.94	3109
441	3176
441.05	3330
441.1	3391
441.15	3598
441.2	3238
441.25	3402
441.3	3527
441.35	3615
441.4	4077
441.45	3851
441.51	3201
441.56	3539
441.61	3439
441.66	4200
441.71	4193
441.76	4158
441.81	3871
441.86	4075
441.91	3736
441.96	3414
442.01	4291
442.07	3999
442.12	3317
442.17	3800
442.22	3897
442.27	3421
442.32	3703
442.37	3778
442.42	3826
442.47	4306
442.52	3392
442.57	3955
442.62	3693
442.67	3429
442.72	3119
442.78	4314
442.83	4673
442.88	3590
442.93	3644
442.98	3609
443.03	3941
443.08	3390
443.13	3699
443.18	3592
443.23	4712
443.28	3924
443.33	4213
443.38	3795
443.43	3784
443.48	3652
443.53	3860
443.58	3238
443.64	3377
443.69	3326
443.74	3668
443.79	2982
443.84	4047
443.89	3336
443.94	3339
443.99	3782
444.04	3749
444.09	3583
444.14	2960
444.19	3617
444.24	3653
444.29	3694
444.34	3745
444.39	3284
444.44	4270
444.49	3492
444.54	3827
444.59	3838
444.64	3576
444.69	3697
444.74	3986
444.79	3173
444.84	3853
444.89	3700
444.94	3758
444.99	3559
445.04	4034
445.09	3950
445.14	2722
445.19	3911
445.24	3101
445.29	4087
445.34	3593
445.39	3417
445.44	4427
445.49	3726
445.54	3443
445.59	3658
445.64	3348
445.69	2963
445.74	3631
445.79	3261
445.84	2959
445.89	3238
445.94	3043
445.99	3721
446.04	3488
446.09	3393
446.14	3693
446.19	3595
446.24	3202
446.29	3674
446.34	4096
446.39	3898
446.44	3873
446.49	3423
446.54	3835
446.59	3972
446.64	4413
446.69	4626
446.74	2961
446.79	3791
446.84	3606
446.89	3330
446.94	3111
446.99	2838
447.04	3573
447.09	3277
447.14	3261
447.19	3237
447.24	3175
447.29	2656
447.34	3220
447.39	3080
447.44	3120
447.49	3711
447.54	3616
447.59	2996
447.64	2786
447.69	3562
447.73	3177
447.78	3358
447.83	3918
447.88	3085
447.93	3267
447.98	2956
448.03	2847
448.08	2983
448.13	3048
448.18	3265
448.23	3732
448.28	2675
448.33	3921
448.38	3818
448.43	3038
448.48	3148
448.53	3183
448.58	3520
448.62	4307
448.67	4775
448.72	3838
448.77	2777
448.82	3774
448.87	3403
448.92	2667
448.97	2567
449.02	2946
449.07	3137
449.12	2957
449.17	3711
449.22	3247
449.26	3113
449.31	3352
449.36	3380
449.41	3691
449.46	3493
449.51	3150
449.56	3346
449.61	3782
449.66	3353
449.71	3000
449.76	4003
449.8	3457
449.85	3377
449.9	3154
449.95	3338
450	3113
450.05	2970
450.1	3682
450.15	4229
450.2	3333
450.25	3570
450.29	3969
450.34	3083
450.39	3200
450.44	4024
450.49	3209
450.54	2978
450.59	3717
450.64	3610
450.69	3348
450.73	3128
450.78	3949
450.83	3554
450.88	2687
450.93	2750
450.98	3434
451.03	3388
451.08	3099
451.13	2895
451.17	4183
451.22	3035
451.27	3544
451.32	3123
451.37	3447
451.42	3121
451.47	3541
451.52	3066
451.56	3073
451.61	4357
451.66	3494
451.71	3068
451.76	3605
451.81	3306
451.86	3556
451.9	2929
451.95	3596
452	3080
452.05	3899
452.1	3660
452.15	3270
452.2	3290
452.24	2904
452.29	3539
452.34	3520
452.39	3535
452.44	4187
452.49	3134
452.53	2921
452.58	2866
452.63	2983
452.68	3451
452.73	3527
452.78	3778
452.82	3479
452.87	2811
452.92	3259
452.97	3179
453.02	3165
453.07	3539
453.11	3165
453.16	3667
453.21	3321
453.26	3006
453.31	3415
453.36	2958
453.4	4365
453.45	3944
453.5	3515
453.55	3121
453.6	3593
453.65	3370
453.69	3198
453.74	3297
453.79	3266
453.84	3510
453.89	4439
453.93	3531
453.98	3206
454.03	3147
454.08	4085
454.13	3675
454.17	3745
454.22	3317
454.27	3833
454.32	4040
454.37	3979
454.41	3124
454.46	4064
454.51	2876
454.56	3494
454.61	3779
454.65	3806
454.7	2794
454.75	3316
454.8	2971
454.85	3259
454.89	2927
454.94	3053
454.99	3098
455.04	3239
455.09	3835
455.13	3109
455.18	3654
455.23	4081
455.28	3531
455.32	3433
455.37	3090
455.42	3833
455.47	4166
455.52	4367
455.56	2888
455.61	4649
455.66	2992
455.71	3777
455.75	3423
455.8	4552
455.85	3270
455.9	2914
455.94	4328
455.99	2753
456.04	4382
456.09	3611
456.13	3417
456.18	3688
456.23	3354
456.28	4397
456.32	3013
456.37	3168
456.42	3996
456.47	3437
456.52	3336
456.56	3502
456.61	3682
456.66	3368
456.7	3612
456.75	3154
456.8	3441
456.85	3819
456.89	2816
456.94	3666
456.99	3711
457.04	3080
457.08	2867
457.13	3496
457.18	3083
457.23	3077
457.27	3806
457.32	4075
457.37	3142
457.42	3201
457.46	3534
457.51	4063
457.56	3051
457.6	3097
457.65	3516
457.7	3507
457.75	3313
457.79	3903
457.84	3562
457.89	2672
457.93	3621
457.98	3864
458.03	3399
458.08	3863
458.12	3474
458.17	3292
458.22	3452
458.26	3017
458.31	3197
458.36	3071
458.41	3024
458.45	3240
458.5	3798
458.55	3802
458.59	4733
458.64	3172
458.69	3492
458.73	3639
458.78	3511
458.83	3516
458.88	3846
458.92	3362
458.97	3481
459.02	3545
459.06	3740
459.11	3817
459.16	4113
459.2	2916
459.25	3888
459.3	4272
459.34	3666
459.39	4764
459.44	3094
459.48	4590
459.53	3106
459.58	3381
459.63	2950
459.67	3717
459.72	4305
459.77	3617
459.81	3836
459.86	3307
459.91	3582
459.95	4346
460	3966
460.05	3400
460.09	4229
460.14	4463
460.19	4007
460.23	3891
460.28	3630
460.33	2938
460.37	4021
460.42	3211
460.47	3569
460.51	3943
460.56	3393
460.6	4048
460.65	4519
460.7	4128
460.74	4391
460.79	4972
460.84	3714
460.88	3849
460.93	3780
460.98	3245
461.02	3490
461.07	3789
461.12	3900
461.16	3810
461.21	3608
461.25	3577
461.3	3782
461.35	3982
461.39	3729
461.44	4182
461.49	4380
461.53	3417
461.58	4253
461.63	3914
461.67	3699
461.72	3814
461.76	4068
461.81	3944
461.86	3649
461.9	3709
461.95	3687
462	4124
462.04	3744
462.09	4546
462.13	3926
462.18	4183
462.23	4430
462.27	3626
462.32	3975
462.36	3565
462.41	3803
462.46	5047
462.5	3697
462.55	4031
462.59	3744
462.64	3869
462.69	4941
462.73	3860
462.78	4153
462.82	4168
462.87	4512
462.92	4306
462.96	4104
463.01	4498
463.05	4974
463.1	4606
463.15	4405
463.19	4236
463.24	4015
463.28	4267
463.33	4055
463.38	4720
463.42	3922
463.47	5035
463.51	3891
463.56	4199
463.61	3856
463.65	4195
463.7	4017
463.74	4091
463.79	3671
463.83	4090
463.88	4315
463.93	4408
463.97	3923
464.02	3629
464.06	4195
464.11	4753
464.15	4144
464.2	4161
464.25	4422
464.29	4357
464.34	4136
464.38	4308
464.43	4262
464.47	3847
464.52	3740
464.56	3954
464.61	4192
464.66	3319
464.7	4457
464.75	3692
464.79	4191
464.84	3804
464.88	4039
464.93	3160
464.97	3734
465.02	3761
465.06	4568
465.11	3773
465.16	3566
465.2	3933
465.25	4148
465.29	3418
465.34	3434
465.38	3769
465.43	3656
465.47	3844
465.52	3983
465.56	4059
465.61	3276
465.65	3704
465.7	4268
465.75	3503
465.79	3115
465.84	4150
465.88	3792
465.93	3664
465.97	3153
466.02	3781
466.06	3523
466.11	3284
466.15	4332
466.2	3354
466.24	3270
466.29	3443
466.33	3288
466.38	3754
466.42	4309
466.47	2961
466.51	3333
466.56	3460
466.6	3123
466.65	2904
466.69	3560
466.74	3136
466.78	3212
466.83	3241
466.87	2788
466.92	3048
466.96	3328
467.01	3534
467.05	3548
467.1	2978
467.14	4114
467.19	3706
467.23	3173
467.28	3244
467.32	3905
467.37	3343
467.41	3133
467.46	3154
467.5	3748
467.55	3006
467.59	3069
467.64	3286
467.68	3923
467.73	3100
467.77	3575
467.82	3870
467.86	3875
467.91	3127
467.95	3258
468	3401
468.04	2959
468.08	3517
468.13	2951
468.17	3497
468.22	2692
468.26	2933
468.31	3320
468.35	3389
468.4	3626
468.44	3960
468.49	3304
468.53	3016
468.58	2884
468.62	3373
468.66	3218
468.71	3422
468.75	2954
468.8	3586
468.84	3280
468.89	3567
468.93	3451
468.98	3217
469.02	3499
469.07	3524
469.11	3709
469.15	3557
469.2	3278
469.24	3077
469.29	3426
469.33	2902
469.38	3788
469.42	2955
469.47	3490
469.51	4105
469.55	3947
469.6	4094
469.64	3297
469.69	2941
469.73	3672
469.78	3123
469.82	4609
469.86	3610
469.91	2834
469.95	3278
470	3063
470.04	3580
470.08	3415
470.13	3609
470.17	3937
470.22	3343
470.26	3320
470.31	5099
470.35	2942
470.39	3234
470.44	3023
470.48	3930
470.53	3651
470.57	3095
470.61	2823
470.66	3201
470.7	3725
470.75	3749
470.79	3911
470.83	3441
470.88	3586
470.92	3404
470.97	3638
471.01	3585
471.05	3326
471.1	3089
471.14	3158
471.19	3767
471.23	3122
471.27	3157
471.32	3658
471.36	3377
471.41	2683
471.45	3299
471.49	2878
471.54	2743
471.58	2982
471.63	3993
471.67	3689
471.71	2825
471.76	2765
471.8	3779
471.84	2960
471.89	4180
471.93	3720
471.98	3436
472.02	4381
472.06	3428
472.11	2892
472.15	3322
472.19	3008
472.24	3300
472.28	3102
472.32	3292
472.37	2821
472.41	2862
472.46	2976
472.5	2939
472.54	4070
472.59	3580
472.63	3733
472.67	2848
472.72	3343
472.76	3381
472.8	3734
472.85	3290
472.89	2724
472.93	2435
472.98	3130
473.02	2467
473.07	3995
473.11	3584
473.15	3619
473.2	3627
473.24	2695
473.28	3731
473.33	3050
473.37	2487
473.41	2527
473.46	2969
473.5	3067
473.54	3375
473.59	2729
473.63	2545
473.67	3400
473.72	2867
473.76	2721
473.8	2774
473.85	3294
473.89	2590
473.93	2987
473.98	3292
474.02	2443
474.06	2845
474.1	3263
474.15	3315
474.19	3032
474.23	3207
474.28	3038
474.32	2979
474.36	3615
474.41	3228
474.45	3683
474.49	3667
474.54	2635
474.58	2645
474.62	2652
474.67	3021
474.71	3203
474.75	3513
474.79	2354
474.84	3072
474.88	3010
474.92	2645
474.97	2606
475.01	3153
475.05	3152
475.1	3419
475.14	3578
475.18	3731
475.22	2610
475.27	3176
475.31	2963
475.35	2633
475.4	2431
475.44	3347
475.48	2440
475.52	2821
475.57	4068
475.61	3085
475.65	3065
475.7	2730
475.74	3472
475.78	3032
475.82	3800
475.87	2880
475.91	2989
475.95	3180
475.99	3202
476.04	3434
476.08	2572
476.12	3060
476.17	3306
476.21	3717
476.25	2863
476.29	2832
476.34	4360
476.38	3443
476.42	2870
476.46	2701
476.51	3176
476.55	3214
476.59	3523
476.63	2665
476.68	2694
476.72	3066
476.76	3241
476.8	3755
476.85	3678
476.89	3043
476.93	3069
476.97	2776
477.02	2955
477.06	3025
477.1	3455
477.14	3046
477.19	2612
477.23	2957
477.27	2950
477.31	2799
477.36	2989
477.4	3590
477.44	2284
477.48	3903
477.53	2985
477.57	3650
477.61	2743
477.65	2926
477.69	3211
477.74	2554
477.78	2903
477.82	2553
477.86	2593
477.91	3029
477.95	2775
477.99	3511
478.03	3936
478.07	3166
478.12	3082
478.16	2609
478.2	3183
478.24	3440
478.28	3219
478.33	2835
478.37	2376
478.41	3361
478.45	3792
478.5	3501
478.54	2847
478.58	2472
478.62	2922
478.66	2686
478.71	3042
478.75	3765
478.79	3572
478.83	2997
478.87	2825
478.92	3073
478.96	3518
479	2902
479.04	2582
479.08	3642
479.13	2690
479.17	2781
479.21	2673
479.25	3763
479.29	3279
479.33	3109
479.38	3132
479.42	3358
479.46	3785
479.5	2775
479.54	2888
479.59	2842
479.63	3033
479.67	3312
479.71	3473
479.75	2924
479.79	3399
479.84	3702
479.88	3368
479.92	3084
479.96	3100
480	3031
480.04	3111
480.09	3460
480.13	2680
480.17	3806
480.21	2633
480.25	3355
480.29	2404
480.34	2762
480.38	3007
480.42	3108
480.46	2981
480.5	4640
480.54	3005
480.58	3475
480.63	3332
480.67	2506
480.71	3484
480.75	2276
480.79	2331
480.83	3052
480.88	3045
480.92	2956
480.96	3832
481	2743
481.04	3104
481.08	3310
481.12	3742
481.17	2424
481.21	2385
481.25	2836
481.29	2575
481.33	2643
481.37	2844
481.41	2736
481.45	3142
481.5	2877
481.54	3779
481.58	2948
481.62	2412
481.66	2311
481.7	2974
481.74	2771
481.78	3670
481.83	3344
481.87	3999
481.91	3257
481.95	3203
481.99	3109
482.03	2870
482.07	2667
482.11	2880
482.15	2549
482.2	3088
482.24	3453
482.28	2851
482.32	3124
482.36	2910
482.4	2666
482.44	2732
482.48	4117
482.52	3478
482.57	3787
482.61	2937
482.65	2936
482.69	2578
482.73	3133
482.77	2891
482.81	3184
482.85	3308
482.89	2581
482.93	2976
482.97	3075
483.02	3050
483.06	2536
483.1	3184
483.14	3246
483.18	2365
483.22	2679
483.26	2796
483.3	2682
483.34	2563
483.38	2928
483.42	3027
483.46	2808
483.51	3499
483.55	2965
483.59	3122
483.63	3083
483.67	3364
483.71	2941
483.75	3154
483.79	3053
483.83	3211
483.87	3968
483.91	3140
483.95	3203
483.99	2848
484.03	3223
484.07	2122
484.12	3428
484.16	3321
484.2	3252
484.24	2391
484.28	2435
484.32	3218
484.36	2348
484.4	3812
484.44	2945
484.48	3421
484.52	2675
484.56	2878
484.6	2384
484.64	2634
484.68	2442
484.72	2341
484.76	2877
484.8	2430
484.84	3247
484.88	2295
484.92	3108
484.96	2890
485.01	2891
485.05	2777
485.09	3233
485.13	3092
485.17	2705
485.21	2857
485.25	3184
485.29	3560
485.33	3144
485.37	2626
485.41	2612
485.45	2584
485.49	2254
485.53	2650
485.57	3131
485.61	2838
485.65	2432
485.69	2835
485.73	2713
485.77	3169
485.81	2805
485.85	3486
485.89	3623
485.93	2390
485.97	3752
486.01	2956
486.05	2763
486.09	2447
486.13	2491
486.17	3046
486.21	2414
486.25	3229
486.29	2495
486.33	2319
486.37	3059
486.41	3221
486.45	2468
486.49	2279
486.53	3369
486.57	3319
486.61	3308
486.65	3934
486.69	2705
486.73	3528
486.77	2969
486.81	2544
486.85	2741
486.89	2704
486.93	3170
486.97	2808
487.01	2856
487.05	2998
487.09	2506
487.13	2273
487.17	2578
487.21	3662
487.25	3181
487.29	2961
487.33	2588
487.37	2471
487.41	3007
487.45	2464
487.49	2300
487.53	4104
487.56	3289
487.6	2399
487.64	2740
487.68	2294
487.72	3558
487.76	3066
487.8	2037
487.84	2690
487.88	2827
487.92	3363
487.96	3517
488	2922
488.04	3299
488.08	2583
488.12	2491
488.16	2592
488.2	3177
488.24	2369
488.28	2461
488.32	2999
488.36	2164
488.4	2940
488.43	2498
488.47	2916
488.51	2299
488.55	4440
488.59	3230
488.63	2673
488.67	3056
488.71	2299
488.75	2330
488.79	3529
488.83	2580
488.87	2842
488.91	2771
488.95	2693
488.99	3462
489.02	2748
489.06	2757
489.1	3201
489.14	3014
489.18	3333
489.22	2650
489.26	3438
489.3	3490
489.34	3539
489.38	3192
489.42	2757
489.46	2833
489.49	3021
489.53	2299
489.57	3834
489.61	2404
489.65	2738
489.69	2016
489.73	3315
489.77	3813
489.81	2510
489.85	2835
489.89	3292
489.92	3175
489.96	2320
490	2629
490.04	3331
490.08	2480
490.12	2943
490.16	4100
490.2	2990
490.24	3505
490.28	2612
490.31	2581
490.35	3214
490.39	2953
490.43	3228
490.47	2134
490.51	2366
490.55	3497
490.59	2844
490.62	2676
490.66	2749
490.7	4455
490.74	2614
490.78	2494
490.82	2928
490.86	2494
490.9	2351
490.94	2135
490.97	2369
491.01	3416
491.05	3425
491.09	2057
491.13	2695
491.17	3144
491.21	3112
491.24	2730
491.28	2490
491.32	2727
491.36	2592
491.4	2654
491.44	3049
491.48	2445
491.51	2835
491.55	3260
491.59	3589
491.63	3152
491.67	2916
491.71	2347
491.75	3526
491.78	3296
491.82	2780
491.86	2624
491.9	3209
491.94	2443
491.98	2512
492.02	2694
492.05	3138
492.09	2438
492.13	2921
492.17	2976
492.21	2317
492.25	2991
492.28	2097
492.32	2590
492.36	2470
492.4	2434
492.44	2651
492.48	3012
492.51	3095
492.55	3557
492.59	2669
492.63	2955
492.67	3808
492.7	2897
492.74	2242
492.78	2608
492.82	2743
492.86	2896
492.9	2750
492.93	2541
492.97	2900
493.01	2997
493.05	2984
493.09	2673
493.12	2554
493.16	2724
493.2	3810
493.24	2964
493.28	3806
493.32	3281
493.35	3614
493.39	2753
493.43	3350
493.47	3523
493.51	2534
493.54	2291
493.58	3890
493.62	2911
493.66	2325
493.7	2161
493.73	2605
493.77	2637
493.81	2655
493.85	2188
493.88	2594
493.92	3450
493.96	2396
494	4135
494.04	3252
494.07	2661
494.11	2545
494.15	2352
494.19	2945
494.23	2980
494.26	2604
494.3	2558
494.34	3484
494.38	3394
494.41	3022
494.45	2490
494.49	2269
494.53	2632
494.57	2217
494.6	2483
494.64	2425
494.68	2978
494.72	2200
494.75	3134
494.79	2215
494.83	2658
494.87	3453
494.9	3454
494.94	2997
494.98	2671
495.02	2531
495.05	2502
495.09	2807
495.13	2656
495.17	2739
495.2	2245
495.24	3071
495.28	2429
495.32	2780
495.35	3761
495.39	2908
495.43	2497
495.47	3030
495.5	2440
495.54	3176
495.58	2740
495.62	2322
495.65	2889
495.69	2772
495.73	2782
495.77	2540
495.8	2517
495.84	2306
495.88	2412
495.93	3537
495.98	2997
496.03	3082
496.07	3285
496.12	2857
496.17	2816
496.22	3086
496.27	2425
496.32	2538
496.37	2396
496.41	2854
496.46	2529
496.51	3692
496.56	2831
496.61	3516
496.66	2781
496.71	3336
496.75	3020
496.8	3011
496.85	2738
496.9	3762
496.95	3626
497	4070
497.04	3377
497.09	3411
497.14	3603
497.19	3311
497.24	5009
497.29	3336
497.33	3751
497.38	3049
497.43	3613
497.48	3428
497.53	3408
497.58	4567
497.62	3910
497.67	3998
497.72	4090
497.77	4468
497.82	3039
497.86	3485
497.91	4445
497.96	4241
498.01	3986
498.06	3855
498.11	3572
498.15	3770
498.2	4102
498.25	3953
498.3	3509
498.35	4664
498.39	3935
498.44	4643
498.49	3602
498.54	5052
498.59	4554
498.63	4197
498.68	4589
498.73	4565
498.78	4614
498.83	5233
498.87	4062
498.92	4516
498.97	5042
499.02	4421
499.07	5404
499.11	4581
499.16	5746
499.21	4887
499.26	5458
499.3	5442
499.35	5216
499.4	5693
499.45	5565
499.5	5389
499.54	6801
499.59	5232
499.64	6170
499.69	5716
499.73	6498
499.78	6184
499.83	6272
499.88	7183
499.93	7284
499.97	7477
500.02	7104
500.07	7844
500.12	8171
500.16	7744
500.21	7480
500.26	8512
500.31	7532
500.35	7367
500.4	7868
500.45	8100
500.5	7708
500.54	7842
500.59	7579
500.64	7198
500.69	7080
500.73	7510
500.78	7805
500.83	7125
500.88	6435
500.92	6566
500.97	7683
501.02	6710
501.07	7760
501.11	6515
501.16	5765
501.21	4811
501.26	6311
501.3	6020
501.35	5927
501.4	5872
501.45	5059
501.49	5067
501.54	4700
501.59	6013
501.63	5148
501.68	5329
501.73	5033
501.78	5114
501.82	4468
501.87	5654
501.92	5554
501.97	4940
502.01	5813
502.06	4894
502.11	4345
502.15	3995
502.2	4536
502.25	4756
502.3	4595
502.34	4458
502.39	4223
502.44	4556
502.48	4144
502.53	4687
502.58	4627
502.63	5257
502.67	4536
502.72	3990
502.77	4595
502.81	4001
502.86	3718
502.91	4444
502.95	4047
503	3691
503.05	4220
503.1	3927
503.14	4434
503.19	5521
503.24	5265
503.28	4002
503.33	4075
503.38	4381
503.42	6176
503.47	4224
503.52	4097
503.56	4339
503.61	4060
503.66	4458
503.7	3888
503.75	3858
503.8	4157
503.84	4102
503.89	4211
503.94	3852
503.98	4965
504.03	4054
504.08	4495
504.13	4171
504.17	3922
504.22	4562
504.27	4261
504.31	4535
504.36	4425
504.4	3715
504.45	4449
504.5	5164
504.54	3807
504.59	4944
504.64	3907
504.68	5464
504.73	3924
504.78	4109
504.82	4132
504.87	3881
504.92	4110
504.96	5378
505.01	3536
505.06	3366
505.1	3768
505.15	4709
505.2	3771
505.24	3122
505.29	4161
505.34	4662
505.38	3972
505.43	3505
505.47	3753
505.52	4182
505.57	3871
505.61	3726
505.66	3412
505.71	3524
505.75	4719
505.8	3201
505.84	3055
505.89	3722
505.94	4876
505.98	3433
506.03	3326
506.08	3571
506.12	4549
506.17	3518
506.21	4746
506.26	4661
506.31	3655
506.35	3626
506.4	4121
506.45	3259
506.49	3388
506.54	3173
506.58	3341
506.63	3648
506.68	3665
506.72	3912
506.77	4650
506.81	4014
506.86	3804
506.91	4218
506.95	4066
507	3309
507.04	3643
507.09	3644
507.14	3975
507.18	4347
507.23	3454
507.27	4163
507.32	3598
507.37	3827
507.41	3139
507.46	3479
507.5	3525
507.55	4235
507.59	3485
507.64	3971
507.69	3555
507.73	3578
507.78	3809
507.82	3120
507.87	3471
507.92	3655
507.96	2903
508.01	3602
508.05	3278
508.1	3301
508.14	3797
508.19	4275
508.24	3673
508.28	3519
508.33	3310
508.37	3994
508.42	4087
508.46	3314
508.51	3681
508.55	3571
508.6	4049
508.65	4121
508.69	4215
508.74	3612
508.78	3773
508.83	3252
508.87	3986
508.92	4005
508.96	3864
509.01	3266
509.06	3742
509.1	3861
509.15	3744
509.19	3574
509.24	3543
509.28	4181
509.33	3406
509.37	3428
509.42	4215
509.46	3207
509.51	3076
509.56	3679
509.6	3580
509.65	2891
509.69	3743
509.74	3190
509.78	3803
509.83	3068
509.87	4141
509.92	4591
509.96	4471
510.01	4479
510.05	3196
510.1	3338
510.14	4289
510.19	4047
510.23	3789
510.28	3478
510.32	4031
510.37	3532
510.41	3265
510.46	3874
510.5	2959
510.55	4103
510.59	3960
510.64	3120
510.69	3543
510.73	4661
510.78	3455
510.82	3224
510.87	4176
510.91	3631
510.96	3384
511	3957
511.05	3900
511.09	3690
511.14	3549
511.18	3456
511.22	5136
511.27	3596
511.31	4479
511.36	4042
511.4	3224
511.45	3758
511.49	3788
511.54	4281
511.58	3821
511.63	4372
511.67	3875
511.72	3334
511.76	3700
511.81	3236
511.85	4370
511.9	3271
511.94	4187
511.99	3030
512.03	3536
512.08	3357
512.12	3231
512.17	3159
512.21	3117
512.26	3870
512.3	3792
512.34	4185
512.39	3235
512.43	4038
512.48	3329
512.52	3838
512.57	2980
512.61	3551
512.66	3537
512.7	3208
512.75	3655
512.79	4120
512.83	4131
512.88	4200
512.92	4136
512.97	3223
513.01	3792
513.06	3313
513.1	4050
513.15	4460
513.19	3635
513.23	3558
513.28	3352
513.32	3767
513.37	3226
513.41	3293
513.46	4543
513.5	3386
513.55	3577
513.59	3349
513.63	3464
513.68	3311
513.72	3759
513.77	3562
513.81	5788
513.85	3320
513.9	4187
513.94	3655
513.99	3847
514.03	3618
514.08	4182
514.12	3879
514.16	4909
514.21	3239
514.25	3099
514.3	3559
514.34	3867
514.38	3802
514.43	4143
514.47	4187
514.52	4423
514.56	3541
514.61	3521
514.65	3753
514.69	3445
514.74	3573
514.78	4564
514.83	3920
514.87	4674
514.91	3416
514.96	4512
515	4382
515.05	3710
515.09	3811
515.13	3240
515.18	4102
515.22	3159
515.26	3905
515.31	4223
515.35	4066
515.4	3595
515.44	3591
515.48	3858
515.53	4153
515.57	4125
515.62	3553
515.66	3959
515.7	3895
515.75	3134
515.79	4314
515.83	4576
515.88	4063
515.92	4971
515.96	4671
516.01	5365
516.05	3892
516.1	3949
516.14	3587
516.18	4367
516.23	3730
516.27	3358
516.31	4290
516.36	4973
516.4	4155
516.44	4243
516.49	3917
516.53	3921
516.58	4412
516.62	3585
516.66	3653
516.71	4024
516.75	4598
516.79	4104
516.84	4218
516.88	4634
516.92	4008
516.97	4613
517.01	5188
517.05	4257
517.1	4433
517.14	5040
517.18	4064
517.23	4690
517.27	4418
517.31	3652
517.36	4490
517.4	4070
517.44	4107
517.49	4501
517.53	5984
517.57	4263
517.62	5587
517.66	4447
517.7	4888
517.75	4438
517.79	4997
517.83	4603
517.88	5451
517.92	4492
517.96	4425
518	5290
518.05	4171
518.09	4827
518.13	4418
518.18	3900
518.22	4209
518.26	4739
518.31	4211
518.35	3919
518.39	3996
518.44	4116
518.48	5621
518.52	4887
518.56	4701
518.61	4492
518.65	4684
518.69	3666
518.74	4009
518.78	3944
518.82	4366
518.86	4546
518.91	3941
518.95	3674
518.99	4996
519.04	4081
519.08	4111
519.12	3552
519.16	4073
519.21	4146
519.25	3704
519.29	4225
519.34	3376
519.38	3948
519.42	3565
519.46	3892
519.51	3762
519.55	3938
519.59	3444
519.63	3704
519.68	3826
519.72	3755
519.76	4123
519.81	3540
519.85	4818
519.89	3883
519.93	3101
519.98	3855
520.02	3182
520.06	3347
520.1	4107
520.15	4434
520.19	3923
520.23	4111
520.27	3905
520.32	3463
520.36	4071
520.4	3675
520.44	3437
520.49	3424
520.53	4583
520.57	3469
520.61	3515
520.66	3784
520.7	3848
520.74	4537
520.78	3946
520.83	3863
520.87	3290
520.91	3334
520.95	3674
520.99	3801
521.04	3867
521.08	4167
521.12	3883
521.16	3227
521.21	4500
521.25	4307
521.29	4031
521.33	3377
521.37	6005
521.42	4084
521.46	3867
521.5	3107
521.54	4528
521.59	3876
521.63	5034
521.67	3857
521.71	3473
521.75	3452
521.8	4004
521.84	4431
521.88	3542
521.92	4144
521.96	3950
522.01	3754
522.05	3561
522.09	3511
522.13	3808
522.17	3871
522.22	3931
522.26	4182
522.3	4197
522.34	3668
522.38	4137
522.43	3509
522.47	3919
522.51	3468
522.55	3786
522.59	3710
522.64	4670
522.68	3561
522.72	3258
522.76	3805
522.8	3861
522.84	3827
522.89	4006
522.93	4067
522.97	3818
523.01	4030
523.05	3901
523.09	3381
523.14	3595
523.18	3445
523.22	4317
523.26	4188
523.3	3392
523.34	4143
523.39	3312
523.43	4586
523.47	3856
523.51	3626
523.55	3773
523.59	3892
523.64	4107
523.68	3088
523.72	3059
523.76	3454
523.8	3760
523.84	3689
523.88	4494
523.93	4103
523.97	4081
524.01	3416
524.05	4182
524.09	4231
524.13	4039
524.17	3600
524.22	3326
524.26	3097
524.3	3551
524.34	5105
524.38	3876
524.42	3821
524.46	3604
524.51	4299
524.55	4122
524.59	3686
524.63	3464
524.67	3242
524.71	3911
524.75	3817
524.79	3591
524.84	3472
524.88	3503
524.92	3557
524.96	3926
525	3057
525.04	3336
525.08	3665
525.12	3554
525.16	3133
525.21	5348
525.25	4656
525.29	3502
525.33	3605
525.37	3370
525.41	3892
525.45	3356
525.49	3857
525.53	4112
525.58	4347
525.62	3642
525.66	3414
525.7	3702
525.74	3688
525.78	3225
525.82	4057
525.86	3725
525.9	4029
525.94	4618
525.98	4960
526.03	4848
526.07	3502
526.11	3862
526.15	3337
526.19	3280
526.23	3786
526.27	3617
526.31	3341
526.35	4210
526.39	3380
526.43	3439
526.47	3236
526.51	4420
526.56	3549
526.6	3970
526.64	3533
526.68	3420
526.72	4436
526.76	5522
526.8	3163
526.84	3976
526.88	4078
526.92	4218
526.96	3363
527	3809
527.04	3926
527.08	4133
527.12	4571
527.16	3931
527.2	3634
527.25	4199
527.29	3866
527.33	3329
527.37	3621
527.41	3623
527.45	2981
527.49	3673
527.53	3870
527.57	3646
527.61	4537
527.65	3652
527.69	3356
527.73	3539
527.77	3531
527.81	3674
527.85	4100
527.89	3796
527.93	4551
527.97	4561
528.01	3537
528.05	4878
528.09	3604
528.13	4075
528.17	4642
528.21	3408
528.25	4245
528.29	4538
528.33	3991
528.37	3439
528.41	3686
528.45	3308
528.49	3919
528.53	2969
528.57	4453
528.61	3341
528.66	3936
528.7	4045
528.74	4144
528.78	3552
528.82	5310
528.86	3786
528.9	4250
528.94	3702
528.98	3530
529.02	3897
529.06	4391
529.09	4531
529.13	3593
529.17	3919
529.21	3612
529.25	3461
529.29	3727
529.33	3840
529.37	5171
529.41	4084
529.45	3894
529.49	3313
529.53	3930
529.57	4399
529.61	4594
529.65	3823
529.69	3412
529.73	3605
529.77	3841
529.81	3431
529.85	3943
529.89	4096
529.93	3326
529.97	3566
530.01	4055
530.05	3547
530.09	4180
530.13	3187
530.17	4323
530.21	3655
530.25	3529
530.29	3748
530.33	4393
530.37	3125
530.41	4305
530.45	4254
530.49	4212
530.52	3582
530.56	3968
530.6	4180
530.64	3973
530.68	4000
530.72	3541
530.76	3698
530.8	4094
530.84	3538
530.88	3960
530.92	3838
530.96	4717
531	4491
531.04	3427
531.08	4360
531.12	3969
531.15	3412
531.19	3669
531.23	3539
531.27	4062
531.31	3756
531.35	4154
531.39	4356
531.43	3797
531.47	3911
531.51	3476
531.55	3719
531.59	3366
531.63	3572
531.66	3405
531.7	3680
531.74	3681
531.78	4375
531.82	4568
531.86	3740
531.9	3542
531.94	3646
531.98	3593
532.02	4536
532.06	3550
532.09	3681
532.13	4033
532.17	4278
532.21	4026
532.25	3869
532.29	4542
532.33	3926
532.37	4003
532.41	4413
532.45	3710
532.48	4651
532.52	4669
532.56	4185
532.6	3814
532.64	4293
532.68	4351
532.72	3718
532.76	3494
532.79	3905
532.83	3902
532.87	3357
532.91	3543
532.95	3979
532.99	4654
533.03	4587
533.07	4112
533.1	3223
533.14	4183
533.18	3767
533.22	3493
533.26	3736
533.3	3655
533.34	3911
533.37	3907
533.41	3956
533.45	3866
533.49	3955
533.53	3641
533.57	4019
533.61	3524
533.64	3889
533.68	4327
533.72	4188
533.76	3905
533.8	3906
533.84	3968
533.88	4099
533.91	4468
533.95	4298
533.99	3595
534.03	4256
534.07	3681
534.11	4536
534.14	3791
534.18	4137
534.22	3852
534.26	3612
534.3	3550
534.34	3243
534.37	3650
534.41	3470
534.45	5556
534.49	3483
534.53	4235
534.57	3647
534.6	3983
534.64	3886
534.68	3607
534.72	4477
534.76	3853
534.79	4937
534.83	4167
534.87	3147
534.91	4504
534.95	4424
534.99	4084
535.02	3975
535.06	3623
535.1	4160
535.14	3208
535.18	3792
535.21	3445
535.25	3079
535.29	4156
535.33	3894
535.37	3734
535.4	4784
535.44	5791
535.48	4702
535.52	4511
535.55	3933
535.59	3944
535.63	4829
535.67	3397
535.71	5005
535.74	3626
535.78	3796
535.82	3960
535.86	3292
535.9	3812
535.93	4139
535.97	4408
536.01	4400
536.05	4530
536.08	3356
536.12	4027
536.16	3564
536.2	3838
536.23	3771
536.27	3242
536.31	2975
536.35	3424
536.39	3485
536.42	3889
536.46	3705
536.5	3539
536.54	4490
536.57	3620
536.61	3878
536.65	4518
536.69	4161
536.72	3919
536.76	4008
536.8	3731
536.84	3899
536.87	3850
536.91	3827
536.95	3916
536.99	3309
537.02	3937
537.06	3727
537.1	4185
537.14	3810
537.17	3264
537.21	3760
537.25	4249
537.28	4450
537.32	3713
537.36	4556
537.4	3766
537.43	3174
537.47	4003
537.51	3898
537.55	3962
537.58	4217
537.62	4313
537.66	3835
537.69	3593
537.73	3755
537.77	4252
537.81	3496
537.84	3813
537.88	3504
537.92	4163
537.95	5068
537.99	3980
538.03	4482
538.07	3836
538.1	4357
538.14	4070
538.18	3410
538.21	3151
538.25	3300
538.29	3500
538.32	3627
538.36	4067
538.4	3081
538.44	3488
538.47	4106
538.51	3611
538.55	3833
538.58	3704
538.62	3586
538.66	3757
538.69	3283
538.73	4524
538.77	3902
538.8	3915
538.84	3902
538.88	3571
538.91	3170
538.95	4411
538.99	3481
539.03	3833
539.06	3201
539.1	3361
539.14	3551
539.17	2948
539.21	3402
539.25	3520
539.28	3834
539.32	3497
539.36	3038
539.39	3973
539.43	4270
539.46	3911
539.5	3544
539.54	3429
539.57	3480
539.61	4231
539.65	3197
539.68	3790
539.72	3610
539.76	3606
539.79	4121
539.83	3676
539.87	3761
539.9	3619
539.94	3185
539.98	3622
540.01	3524
540.05	4508
540.08	3485
540.12	4156
540.16	3417
540.19	3744
540.23	4028
540.27	4482
540.3	3378
540.34	3860
540.38	4060
540.41	3860
540.45	4055
540.48	3661
540.52	3962
540.56	3696
540.59	3156
540.63	4697
540.67	3184
540.7	3321
540.74	4642
540.77	3956
540.81	3164
540.85	3334
540.88	4068
540.92	4219
540.95	3602
540.99	3714
541.03	3763
541.06	3292
541.1	3433
541.13	3591
541.17	4073
541.21	4293
541.24	4260
541.28	3806
541.31	3457
541.35	3336
541.39	3498
541.42	3504
541.46	3563
541.49	3642
541.53	3640
541.57	4283
541.6	3518
541.64	3387
541.67	3283
541.71	3080
541.74	3203
541.78	3673
541.82	3575
541.85	3525
541.89	3524
541.92	3899
541.96	3546
541.99	2955
542.03	3396
542.07	3528
542.1	3331
542.14	3799
542.17	3471
542.21	3374
542.24	3628
542.28	4095
542.32	3203
542.35	3667
542.39	3615
542.42	3848
542.46	3491
542.49	4157
542.53	3075
542.56	2809
542.6	3492
542.64	4453
542.67	3370
542.71	2747
542.74	4196
542.78	3760
542.81	3464
542.85	4585
542.88	2995
542.92	3684
542.95	3196
542.99	3602
543.02	2828
543.06	3107
543.1	3474
543.13	4344
543.17	3579
543.2	4036
543.24	3407
543.27	3197
543.31	3000
543.34	2973
543.38	3530
543.41	3533
543.45	3896
543.48	3132
543.52	3930
543.55	3445
543.59	4480
543.62	3406
543.66	4212
543.69	3595
543.73	3234
543.76	3758
543.8	5099
543.83	3852
543.87	3811
543.9	3271
543.94	3467
543.97	3193
544.01	3268
544.04	3605
544.08	4187
544.11	3869
544.15	3584
544.18	4206
544.22	3694
544.25	3705
544.29	4120
544.32	3494
544.36	3255
544.39	3587
544.43	4386
544.46	3016
544.5	3727
544.53	3329
544.57	3079
544.6	3261
544.64	3858
544.67	2811
544.71	3516
544.74	4029
544.78	4084
544.81	3441
544.84	3553
544.88	3566
544.91	3094
544.95	2990
544.98	3384
545.02	2974
545.05	3009
545.09	4431
545.12	3697
545.16	3760
545.19	3803
545.23	3312
545.26	3771
545.29	3260
545.33	4872
545.36	3865
545.4	3400
545.43	3787
545.47	3754
545.5	3152
545.54	3636
545.57	3674
545.6	4023
545.64	3641
545.67	3724
545.71	3856
545.74	4021
545.78	4123
545.81	4136
545.84	4508
545.88	3336
545.91	3202
545.95	3159
545.98	3390
546.02	3664
546.05	3716
546.08	3863
546.12	3721
546.15	2863
546.19	3120
546.22	3896
546.26	3931
546.29	2936
546.32	4091
546.36	3600
546.39	3786
546.43	3649
546.46	3348
546.49	3403
546.53	2948
546.56	3359
546.6	3386
546.63	3716
546.66	3853
546.7	3692
546.73	3945
546.77	3437
546.8	3360
546.83	3910
546.87	2966
546.9	4228
546.94	3200
546.97	3902
547	3071
547.04	3119
547.07	3372
547.1	5156
547.14	2917
547.17	3545
547.21	3191
547.24	3510
547.27	3442
547.31	3628
547.34	3334
547.37	3895
547.41	4545
547.44	3881
547.48	3386
547.51	3911
547.54	3259
547.58	3048
547.61	3628
547.64	2959
547.68	3613
547.71	3439
547.74	3424
547.78	3404
547.81	3853
547.85	3216
547.88	3621
547.91	3474
547.95	3632
547.98	3368
548.01	3824
548.05	3572
548.08	3463
548.11	3534
548.15	2966
548.18	3196
548.21	3158
548.25	3793
548.28	3685
548.31	3717
548.35	3688
548.38	4771
548.41	3666
548.45	4136
548.48	4508
548.51	3930
548.55	4197
548.58	4295
548.61	2842
548.65	3556
548.68	3343
548.71	3370
548.75	3245
548.78	2959
548.81	3468
548.85	4381
548.88	4833
548.91	3632
548.95	3035
548.98	4540
549.01	3634
549.04	3388
549.08	3070
549.11	3457
549.14	3604
549.18	5119
549.21	3976
549.24	3319
549.28	3130
549.31	4024
549.34	3087
549.37	3658
549.41	3275
549.44	3043
549.47	3594
549.51	3659
549.54	3105
549.57	3143
549.6	3649
549.64	4159
549.67	3725
549.7	4326
549.74	3433
549.77	3524
549.8	3205
549.83	4000
549.87	3671
549.9	4562
549.93	3598
549.97	3480
550	3546
550.03	3647
550.06	3711
550.1	3683
550.13	3296
550.16	3307
550.19	2867
550.23	4219
550.26	3573
550.29	3678
550.32	3153
550.36	2981
550.39	3797
550.42	3864
550.45	3705
550.49	3522
550.52	4360
550.55	4106
550.58	4180
550.62	3576
550.65	2685
550.68	3764
550.71	3951
550.75	3390
550.78	3976
550.81	3594
550.84	2948
550.88	3039
550.91	3155
550.94	3192
550.97	3197
551.01	3118
551.04	3565
551.07	2735
551.1	3700
551.13	3702
551.17	4207
551.2	2796
551.23	2811
551.26	3444
551.3	3245
551.33	3355
551.36	3884
551.39	3083
551.42	3580
551.46	3584
551.49	3007
551.52	3030
551.55	3785
551.58	3440
551.62	3610
551.65	3391
551.68	3437
551.71	3006
551.74	3202
551.78	3053
551.81	2941
551.84	3056
551.87	3427
551.9	3275
551.94	3726
551.97	3296
552	3366
552.03	3227
552.06	3035
552.1	3617
552.13	3400
552.16	3907
552.19	3191
552.22	3533
552.25	2762
552.29	2904
552.32	2667
552.35	3357
552.38	3418
552.41	4123
552.45	3902
552.48	4247
552.51	3340
552.54	3957
552.57	4153
552.6	3213
552.64	3497
552.67	3440
552.7	3286
552.73	3614
552.76	3500
552.79	3480
552.82	3200
552.86	3523
552.89	3593
552.92	3914
552.95	4614
552.98	3600
553.01	3417
553.05	4260
553.08	2865
553.11	3547
553.14	3412
553.17	3622
553.2	3900
553.23	2956
553.26	4533
553.3	3742
553.33	4471
553.36	3154
553.39	3408
553.42	3108
553.45	3679
553.48	3657
553.52	4505
553.55	4620
553.58	3286
553.61	3369
553.64	3182
553.67	3038
553.7	3436
553.73	3353
553.76	4314
553.8	3665
553.83	4407
553.86	3604
553.89	3744
553.92	3423
553.95	3444
553.98	3349
554.01	3732
554.04	3552
554.08	3065
554.11	3324
554.14	3382
554.17	3554
554.2	3682
554.23	4964
554.26	3904
554.29	4175
554.32	4021
554.35	4127
554.39	4386
554.42	2892
554.45	3211
554.48	3334
554.51	3837
554.54	3033
554.57	4134
554.6	4323
554.63	3151
554.66	2978
554.69	3680
554.72	3387
554.75	3067
554.79	3595
554.82	3729
554.85	3192
554.88	3053
554.91	2985
554.94	2849
554.97	3766
555	2950
555.03	3704
555.06	3750
555.09	3718
555.12	2975
555.15	2759
555.18	4582
555.21	3681
555.24	3043
555.28	3417
555.31	3561
555.34	2767
555.37	3076
555.4	3107
555.43	3506
555.46	3316
555.49	3945
555.52	2820
555.55	3497
555.58	3147
555.61	4132
555.69	4051
555.76	3506
555.83	3827
555.91	3351
555.98	3962
556.05	3359
556.13	4683
556.2	4133
556.28	4973
556.35	3911
556.42	4121
556.5	4703
556.57	4026
556.65	3064
556.72	3961
556.79	3746
556.87	3437
556.94	4379
557.01	3816
557.09	4920
557.16	4623
557.23	3590
557.31	4035
557.38	4146
557.46	4304
557.53	4015
557.6	5051
557.68	3971
557.75	4303
557.82	4024
557.9	4945
557.97	4163
558.04	3419
558.12	4605
558.19	4858
558.26	4122
558.34	4405
558.41	3799
558.48	4266
558.56	4065
558.63	5493
558.7	3802
558.78	4499
558.85	4305
558.92	4040
559	4558
559.07	3709
559.14	4159
559.22	4046
559.29	4040
559.36	4315
559.44	3668
559.51	3933
559.58	4039
559.66	4792
559.73	4231
559.8	4082
559.88	4306
559.95	5107
560.02	4050
560.1	4823
560.17	4555
560.24	3693
560.32	3919
560.39	4501
560.46	3955
560.53	4469
560.61	4798
560.68	4879
560.75	4380
560.83	4439
560.9	4566
560.97	4343
561.05	5689
561.12	5266
561.19	4743
561.26	4091
561.34	4197
561.41	4078
561.48	4365
561.56	4315
561.63	4135
561.7	4410
561.77	3815
561.85	4624
561.92	4587
561.99	4753
562.06	4465
562.14	4709
562.21	4488
562.28	5131
562.36	4338
562.43	4962
562.5	4142
562.57	4136
562.65	4869
562.72	4263
562.79	5003
562.86	4585
562.94	5652
563.01	4378
563.08	4577
563.15	4449
563.23	4518
563.3	4740
563.37	5151
563.44	4672
563.52	5186
563.59	5137
563.66	4890
563.73	4901
563.81	4126
563.88	5213
563.95	5248
564.02	5253
564.1	4714
564.17	4685
564.24	4864
564.31	5178
564.39	6444
564.46	5359
564.53	5124
564.6	5798
564.67	5675
564.75	5450
564.82	4795
564.89	5182
564.96	4497
565.04	5517
565.11	5309
565.18	5865
565.25	5053
565.32	5620
565.4	5416
565.47	5856
565.54	5418
565.61	4796
565.69	4988
565.76	5762
565.83	6070
565.9	6327
565.97	6466
566.05	5780
566.12	6477
566.19	6285
566.26	6363
566.33	6165
566.4	7118
566.48	6866
566.55	6488
566.62	6549
566.69	7784
566.76	6187
566.84	6055
566.91	6878
566.98	6730
567.05	7198
567.12	7205
567.2	6379
567.27	6071
567.34	6291
567.41	6841
567.48	7240
567.55	8239
567.63	7393
567.7	8133
567.77	7592
567.84	6828
567.91	7295
567.98	7716
568.06	6978
568.13	7102
568.2	6852
568.27	7405
568.34	5720
568.41	5473
568.49	6085
568.56	6834
568.63	6622
568.7	5684
568.77	6530
568.84	6070
568.91	5941
568.99	4857
569.06	5384
569.13	5839
569.2	5903
569.27	6186
569.34	5368
569.41	5742
569.49	5797
569.56	6191
569.63	6209
569.7	5050
569.77	5707
569.84	5072
569.91	6013
569.98	5250
570.06	6331
570.13	5341
570.2	5340
570.27	6722
570.34	5351
570.41	4835
570.48	6726
570.55	5540
570.62	5745
570.7	5677
570.77	5533
570.84	4929
570.91	4604
570.98	5478
571.05	5600
571.12	4868
571.19	5912
571.26	6188
571.34	5811
571.41	5594
571.48	5816
571.55	4546
571.62	5392
571.69	5267
571.76	5013
571.83	5634
571.9	4477
571.97	5020
572.04	5887
572.12	4872
572.19	5085
572.26	4048
572.33	4838
572.4	4855
572.47	5026
572.54	4516
572.61	4562
572.68	5003
572.75	4425
572.82	5379
572.89	5988
572.96	5405
573.03	4667
573.11	4866
573.18	4809
573.25	5316
573.32	5812
573.39	4969
573.46	5561
573.53	4590
573.6	4730
573.67	5134
573.74	4482
573.81	4480
573.88	5225
573.95	4449
574.02	5321
574.09	4477
574.16	5122
574.23	5990
574.3	5062
574.37	5610
574.44	4644
574.52	4887
574.59	5263
574.66	4577
574.73	4963
574.8	4900
574.87	4941
574.94	6303
575.01	4354
575.08	4817
575.15	4512
575.22	5216
575.29	4723
575.36	4013
575.43	5104
575.5	5424
575.57	5006
575.64	4223
575.71	5064
575.78	4104
575.85	5552
575.92	4283
575.99	5193
576.06	4210
576.13	4594
576.2	4334
576.27	5267
576.34	4684
576.41	4255
576.48	5039
576.55	4753
576.62	5271
576.69	5804
576.76	4629
576.83	4777
576.9	4854
576.97	5991
577.04	5660
577.11	4888
577.18	5436
577.25	5095
577.32	5985
577.39	4716
577.46	5632
577.53	4978
577.6	4565
577.67	4314
577.74	5424
577.81	6142
577.88	5149
577.95	4086
578.02	4503
578.09	4742
578.15	5175
578.22	4788
578.29	5183
578.36	4525
578.43	4825
578.5	4401
578.57	4022
578.64	5773
578.71	5416
578.78	5092
578.85	4894
578.92	4411
578.99	5072
579.06	5184
579.13	4874
579.2	4409
579.27	5045
579.34	4764
579.41	5464
579.48	5645
579.54	5490
579.61	5124
579.68	4450
579.75	5148
579.82	5554
579.89	5189
579.96	4674
580.03	5189
580.1	4352
580.17	4939
580.24	4730
580.31	4853
580.38	5552
580.45	5780
580.51	5207
580.58	4781
580.65	4934
580.72	4126
580.79	5202
580.86	4237
580.93	4646
581	4827
581.07	4301
581.14	5103
581.21	5316
581.27	4821
581.34	5357
581.41	4564
581.48	5133
581.55	4252
581.62	4630
581.69	4230
581.76	5060
581.83	4874
581.89	5052
581.96	5865
582.03	4641
582.1	5106
582.17	4841
582.24	4662
582.31	5656
582.38	6256
582.45	4955
582.51	4818
582.58	5131
582.65	4770
582.72	5420
582.79	4803
582.86	4861
582.93	5363
582.99	5719
583.06	4826
583.13	4557
583.2	4900
583.27	4159
583.34	4631
583.41	4937
583.47	4966
583.54	3776
583.61	5509
583.68	4787
583.75	4620
583.82	4749
583.89	4422
583.95	4690
584.02	4329
584.09	4820
584.16	4514
584.23	6277
584.3	5935
584.36	4152
584.43	4964
584.5	4615
584.57	4048
584.64	5941
584.71	4968
584.77	4622
584.84	4309
584.91	4278
584.98	5754
585.05	3660
585.12	5759
585.18	4102
585.25	4463
585.32	5187
585.39	4390
585.46	5649
585.53	4871
585.59	5025
585.66	5843
585.73	5123
585.8	4240
585.87	5017
585.93	4742
586	4487
586.07	4899
586.14	4330
586.21	4888
586.27	5337
586.34	4843
586.41	3969
586.48	5403
586.55	4386
586.61	4486
586.68	5231
586.75	4292
586.82	4471
586.88	4063
586.95	4137
587.02	4727
587.09	4492
587.16	5137
587.22	5367
587.29	4222
587.36	6213
587.43	4646
587.49	4468
587.56	4685
587.63	6403
587.7	3960
587.77	4137
587.83	4770
587.9	4542
587.97	4641
588.04	5494
588.1	4588
588.17	5027
588.24	5293
588.31	5034
588.37	5007
588.44	4002
588.51	4499
588.58	4340
588.64	5135
588.71	5139
588.78	5689
588.85	5035
588.91	5218
588.98	4637
589.05	4979
589.12	4938
589.18	5259
589.25	3967
589.32	4574
589.39	4641
589.45	5315
589.52	4311
589.59	3745
589.65	3945
589.72	3996
589.79	4401
589.86	4979
589.92	4380
589.99	4558
590.06	5284
590.12	4086
590.19	4703
590.26	4398
590.33	4275
590.39	6138
590.46	5355
590.53	3979
590.59	4327
590.66	5041
590.73	3759
590.8	5043
590.86	4925
590.93	4559
591	4706
591.06	4439
591.13	4797
591.2	4884
591.26	5095
591.33	4225
591.4	4823
591.46	4312
591.53	4712
591.6	5001
591.67	6258
591.73	4541
591.8	6154
591.87	4674
591.93	4578
592	5279
592.07	4434
592.13	4097
592.2	5175
592.27	4907
592.33	4551
592.4	3971
592.47	4814
592.53	5177
592.6	5209
592.67	5029
592.73	5531
592.8	5103
592.87	5008
592.93	5572
593	4238
593.07	4905
593.13	5241
593.2	4914
593.27	4372
593.33	5135
593.4	4700
593.46	4842
593.53	6315
593.6	5180
593.66	5715
593.73	5210
593.8	4925
593.86	4895
593.93	5710
594	4921
594.06	5665
594.13	5120
594.19	4785
594.26	4781
594.33	5990
594.39	5056
594.46	5338
594.53	4630
594.59	5438
594.66	4423
594.72	5642
594.79	5433
594.86	4437
594.92	5237
594.99	5419
595.05	5947
595.12	4578
595.19	4430
595.25	5002
595.32	5931
595.39	4455
595.45	5743
595.52	4445
595.58	4785
595.65	4583
595.72	4267
595.78	3889
595.85	4774
595.91	4252
595.98	5919
596.04	4209
596.11	4306
596.18	4171
596.24	4912
596.31	4877
596.37	4384
596.44	5581
596.51	4613
596.57	4444
596.64	4554
596.7	4110
596.77	4762
596.83	5214
596.9	4238
596.97	4641
597.03	4493
597.1	4087
597.16	4373
597.23	4451
597.29	4162
597.36	4380
597.42	4261
597.49	3760
597.56	4049
597.62	5895
597.69	4542
597.75	3988
597.82	4900
597.88	4146
597.95	4307
598.01	4507
598.08	4496
598.15	4192
598.21	5101
598.28	3907
598.34	4367
598.41	4484
598.47	4144
598.54	4514
598.6	3835
598.67	4441
598.73	4650
598.8	4202
598.86	4713
598.93	4309
598.99	4074
599.06	4357
599.12	3905
599.19	4666
599.26	4236
599.32	4487
599.39	4220
599.45	4168
599.52	4305
599.58	4792
599.65	5009
599.71	4664
599.78	3972
599.84	4222
599.91	4476
599.97	4346
600.04	4576
600.1	3686
600.17	4311
600.23	3922
600.3	5683
600.36	4288
600.43	3983
600.49	4687
600.56	6167
600.62	4051
600.69	4310
600.75	4269
600.81	5829
600.88	4039
600.94	4501
601.01	4187
601.07	4230
601.14	4042
601.2	4179
601.27	4148
601.33	3679
601.4	4089
601.46	4905
601.53	3845
601.59	4426
601.66	4541
601.72	4082
601.79	4172
601.85	4574
601.91	4691
601.98	4028
602.04	4023
602.11	4302
602.17	5521
602.24	4197
602.3	4742
602.37	4419
602.43	4145
602.49	4126
602.56	4800
602.62	3759
602.69	4413
602.75	4006
602.82	4021
602.88	3906
602.95	4105
603.01	4028
603.07	4219
603.14	4028
603.2	4797
603.27	4972
603.33	4366
603.4	3599
603.46	4274
603.52	4054
603.59	4066
603.65	4449
603.72	4367
603.78	4505
603.84	4227
603.91	4619
603.97	4412
604.04	4385
604.1	4680
604.17	4249
604.23	3677
604.29	4312
604.36	4188
604.42	4458
604.49	4130
604.55	5110
604.61	4570
604.68	4460
604.74	3917
604.8	4465
604.87	4581
604.93	3883
605	3742
605.06	5332
605.12	5194
605.19	4492
605.25	4505
605.32	4579
605.38	5390
605.44	4097
605.51	4216
605.57	4138
605.63	4699
605.7	5191
605.76	4702
605.83	5108
605.89	4797
605.95	4065
606.02	4311
606.08	4169
606.14	3964
606.21	3992
606.27	4166
606.33	3905
606.4	4100
606.46	3618
606.52	4618
606.59	5669
606.65	4550
606.72	4958
606.78	4029
606.84	5027
606.91	4160
606.97	3923
